>>>
 >>> Day: 0 
>>>
###################
  O1 
###################
1 - Market set price: 6.132023873137674
2 - Buyer 1 arrives in day 0
3 - Buyer 1  bids 5
sigma= 1.0060069146535098 

noise= [ 1.19208259e-01  1.14652390e-01  3.72479477e-01  1.04678113e+00
 -1.52609512e+00 -8.71479858e-01 -5.53657143e-02 -1.07955057e-01
  1.37366942e+00 -9.82825716e-02 -2.44052707e+00 -4.55777269e-01
 -4.73598886e-01  9.78860821e-01 -1.28582685e+00  1.44600484e+00
 -7.81713312e-02  1.09617548e+00  9.71225912e-02  1.42718892e+00
  1.17529085e+00  9.52875612e-01  1.09200746e+00  2.39653427e+00
 -4.08462686e-01  2.68045856e-01 -1.36385738e+00 -1.14787936e-01
 -8.49302087e-01  7.09879534e-01 -4.01181648e-01 -8.32165432e-01
 -4.18242045e-01 -5.27662894e-01  8.17985502e-01 -2.30627718e-01
  2.17470263e+00 -9.62679635e-01  6.77151626e-02  2.07739258e-01
 -4.59625773e-01 -1.06634295e+00  6.18651312e-01  1.43824862e+00
 -2.13225435e-01 -8.08198348e-02  4.07832974e-01  1.19319045e-01
  1.26194923e+00  1.42762647e+00 -7.48324363e-01 -2.53255913e+00
 -1.51614902e+00  1.15597853e+00 -1.20074797e+00  1.14789659e+00
  1.51851219e+00  1.07418916e+00 -6.90713762e-01  1.49626588e-02
 -3.77922489e-01 -3.84532436e-02  3.70184865e-01 -4.49923517e-02
 -3.04191474e-01 -2.23776540e+00  7.28355403e-01  3.61159263e-01
  1.08258520e+00  1.93295008e-01  8.58049411e-01  1.84674526e-02
  4.30876349e-01  1.00226239e+00 -4.94099950e-01  7.16959163e-01
  1.12002809e+00 -2.16661153e+00 -4.18611029e-01 -1.07732978e+00
  2.22467167e-01 -1.12980322e+00 -1.05706977e+00  1.01815853e+00
  1.55298940e+00 -4.04530359e-01  8.69943575e-01 -2.28232011e-01
  8.16032841e-01  2.89523371e-01 -5.41702692e-01  1.91992607e+00
 -4.78633947e-01  1.44938547e+00 -1.15597808e+00  8.10554411e-01
  1.76665582e+00  9.78824521e-01 -1.56043655e+00  1.92291660e-01
  1.61441582e+00 -1.42855590e+00 -2.45846228e+00 -2.06869080e+00
 -9.98217956e-01  1.01736002e+00  1.40885241e+00 -6.58926164e-01
 -2.57327203e-01 -7.18676863e-01 -5.03847261e-01  5.59795990e-02
 -4.91898935e-01 -3.82204607e-01  2.61294857e-01 -1.69144836e+00
 -9.22301913e-01 -1.19940269e-01 -4.48958030e-01 -2.15623039e+00
  1.00980631e-02 -5.61575782e-01  4.83794410e-01 -5.77590834e-01
 -2.53984148e-01  1.04609306e+00 -2.36205652e-02  8.99594417e-02
 -5.97897445e-01 -1.06331705e-01  7.47257623e-01 -7.59516636e-01
 -1.39113367e-01 -2.13768448e+00 -1.03620607e+00 -5.20560154e-01
 -1.42651792e-01 -1.28414792e+00  1.49041260e+00  1.66924377e+00
  1.40450599e-04  1.51488381e+00  1.05148772e-01 -2.37461042e-01
  8.24357310e-01  4.05276363e-01 -1.44688128e+00  2.72878203e-01
 -6.94751518e-01 -6.85626887e-01 -1.52131449e+00  2.21008756e+00
  1.04742927e+00 -3.34356742e-02  6.60355826e-02  2.67382274e-01
  1.15876117e+00  1.38872093e-01 -1.48693387e-01  1.69394206e+00
  9.77669838e-01  1.61733117e+00 -2.58672282e-01  1.82068911e+00
  8.97708761e-01 -9.71562520e-02 -3.79422568e-01 -5.08333022e-01
 -1.37085658e+00  1.13993363e+00 -7.04898741e-01 -1.77897022e+00
  3.42462140e-01  7.33622183e-01 -1.09489147e+00 -2.89506530e+00
 -6.65451131e-01  7.10168841e-01 -3.60751909e-01  7.36379410e-01
 -3.65849835e-02  5.92451776e-01 -7.84318008e-01  4.79198004e-01
  8.38889162e-01  1.32168453e+00 -6.05323010e-01 -5.50450567e-01
  6.13312913e-01  7.63490996e-01 -1.19304290e+00  9.34982256e-01
  5.50237517e-01 -8.74815907e-01  1.23077694e+00 -1.33225860e-01
 -5.07929077e-01 -4.47429425e-01  3.79401621e-01 -6.40933544e-01
 -1.05382422e-01 -1.51949311e-01  8.49699627e-01  9.14100528e-01
  9.88322885e-01 -1.18804475e+00  9.04840821e-02 -7.10487283e-01
  5.25387157e-02 -1.34963791e+00  1.39124955e+00  3.89236991e-01
 -1.34045711e+00  5.06843873e-01  1.03912032e+00 -1.22957813e-01
  1.84364636e+00 -6.61280007e-02  1.87497228e+00 -1.24433810e-01
  1.22772951e+00 -6.62690321e-03  5.97311718e-01 -6.67967795e-01
 -6.11071489e-01 -1.57376729e+00 -1.74415641e+00 -6.19261918e-01
 -9.60368280e-01 -2.50299494e-01 -5.54184868e-02  2.83764257e-01
 -1.90569707e+00  8.43346445e-01 -4.18812899e-01  1.36507888e+00
 -1.20485368e+00 -1.68711952e+00  1.01730772e+00 -7.32501790e-01
 -2.18540147e-01  5.33200522e-01 -1.90734195e+00  3.26635770e-01
 -3.29643217e-01  5.06089414e-01  1.01158946e+00  5.78137913e-01
  1.56603089e+00 -4.21434753e-01 -4.12178052e-01  1.12308051e+00
 -2.52486910e-01 -4.17722324e-01 -6.42925085e-01  2.51277147e+00
 -3.02317971e+00 -8.79247259e-01 -2.66610870e+00  1.13075726e+00
 -2.14920306e-01  1.13863038e+00  3.74566996e-02  1.31057584e+00
  2.51401581e-01 -6.49747379e-01  4.74026441e-01 -4.00494666e-01
 -9.64977116e-01  5.44122025e-01 -7.87154782e-02  1.84480818e+00
  1.03084854e+00 -8.21580005e-02 -2.64332782e+00 -3.58598960e-01
 -9.91951670e-02 -1.30820677e+00  2.90474048e-01  1.46009585e+00
 -1.78986920e-01 -1.70927464e-01  5.53431730e-01  2.10887294e+00
 -8.82069789e-01 -4.35592787e-01 -8.50980122e-01  1.64716268e-01
  3.00191204e-01  2.39097238e-01 -1.56740718e-01 -8.64674915e-01
  2.54420396e+00 -8.49557684e-01  8.96012184e-01  7.76641120e-01
  2.04356665e-02 -1.59276059e+00  7.58978422e-02  5.95670280e-01
  2.42229259e-01 -8.01331940e-01 -6.17644134e-02  6.54906329e-02
  2.50143420e-01 -7.59264175e-01  1.70963969e+00 -3.95105844e-01
 -8.67676128e-01  1.08895817e+00 -1.50681946e-01 -1.02088812e+00
  6.93091167e-01 -2.35517116e+00  1.26898005e-01  1.20815303e+00
  9.68781552e-01  1.59961774e+00  6.20938885e-01 -4.80686566e-01
  1.74670908e+00  2.98854460e+00  6.18829616e-01  2.07935946e+00
  7.80090244e-02 -4.55036122e-01 -6.01144308e-01  1.31662865e+00
  3.88195064e-01 -7.23393737e-03 -6.66968240e-01 -1.35513788e+00
 -9.57711373e-02 -2.29095731e-01  4.35034286e-01  4.69744555e-01
 -1.34833236e+00  1.43140665e+00  9.99766928e-01 -6.20214186e-01
  2.06168804e-01 -4.82426114e-01  1.52147098e+00 -1.35492942e+00
 -2.79744136e+00 -9.00112655e-02  5.61494269e-01  7.60264799e-01
  4.81087670e-01 -5.42296475e-02 -1.24936138e+00 -1.66845775e+00
 -3.55494361e-01  1.66645820e+00  1.52099476e+00 -9.12251389e-01
 -7.81886012e-01 -7.43668570e-01  9.93923863e-01 -2.66317356e-02
 -1.27025410e+00 -1.57054293e+00 -9.44996471e-01  3.37467962e-01
 -1.49870042e+00 -1.07331959e+00  1.04208526e+00  6.35105512e-01
 -1.90574601e+00  3.67910925e-02 -3.14379368e-01  8.19138823e-01
  3.84701430e-01  1.65655729e+00  2.28920264e-01 -1.40828352e+00
 -2.17429581e+00  2.82436676e-01  4.05183375e-01 -7.17435812e-01
  8.19332434e-01  1.53290375e+00 -5.94252728e-01  1.94642104e+00
 -9.32863176e-01  1.50330710e+00 -8.30489537e-01 -7.04448130e-01
  3.75433031e-01  6.30617923e-02 -1.03204153e+00  9.68800537e-01
 -1.50125326e+00  1.10650816e+00 -2.90393592e-01  6.85552776e-01
  3.21606314e-02  1.00532705e+00 -2.43806714e+00  2.28977087e-01
  6.80477305e-01  4.60411370e-02  3.18808424e-01  7.07157598e-01
  7.30983790e-01  2.10140515e+00 -7.11395804e-01 -4.59760759e-01
  3.71725038e-01  9.80674343e-01 -3.70727140e-01 -1.86719573e+00
  5.05149973e-02 -4.13647731e-01  4.44307086e-02 -2.27681995e+00
 -2.48294349e-01 -1.15451198e+00 -2.95738860e-01 -5.63532561e-01
  1.75877525e+00  3.06590437e-01 -1.35498516e+00 -5.51755728e-01
  4.60677669e-01 -4.40495996e-02 -6.84470839e-01  1.92978355e+00
  1.08722515e+00  1.35423256e+00  2.38472579e-01  2.06148896e-02
  1.21987309e+00 -4.64994785e-01  1.29184796e+00 -1.54129486e-01
  1.00176092e+00  1.01189458e-01 -3.52682380e-01  7.80777964e-01
  1.06224153e+00 -2.27390378e+00 -1.46585489e+00  1.47860024e+00
 -1.04046301e+00  1.15632754e-01 -1.17078883e+00  9.93787928e-01
 -3.19255872e-01 -6.84694555e-01  3.89898028e-01 -1.57407878e+00
  1.68874855e-01  8.56642808e-01 -1.43652906e+00  5.37069979e-01
 -1.10875129e+00  2.53251373e-01  1.14736236e+00 -1.50238091e+00
  7.18648268e-01 -2.42515547e-01 -1.77015786e-01  1.01753749e+00
 -2.75707065e+00  1.91685541e+00 -2.69866130e-01 -1.30565123e+00
  5.99633330e-01 -8.70573668e-01 -2.01221645e+00  2.57998271e-01
  4.23721032e-02  1.21588850e-01 -9.32498382e-01 -6.43756816e-01
 -2.16713562e-01  4.83649034e-01  1.71542963e+00 -1.24770893e+00
 -1.64797941e-01  9.55264859e-01  1.53892869e-01  7.15674756e-01
  1.96425522e+00 -1.44418432e+00  1.35932279e+00 -1.25954350e+00
  1.06008152e+00  5.01866925e-01 -4.67898459e-01 -9.83820179e-02
 -3.42021420e-02  3.19636421e-01  1.82360142e-01  4.63884745e-01
  4.53926992e-01 -1.65306551e+00 -3.92014687e-01 -2.13640604e-01
 -4.14874979e-01 -6.28710783e-01 -1.83261877e-01  2.12125468e-01
 -1.86337223e+00 -7.10916456e-01  6.78753332e-01  1.29702194e-01
  9.05126237e-01  2.22263897e-01 -6.70705988e-01  6.53186601e-01
 -6.88285149e-01  5.86586812e-01  2.23651554e-01 -7.68945110e-01
 -8.05390389e-01 -2.34687412e-01 -2.06004839e-01 -1.75874050e+00
  1.36221722e+00 -3.28704974e+00 -2.03790186e-02 -5.75778667e-01
 -1.56945654e+00 -2.47455505e-01 -2.98105191e-01  1.05998012e+00
 -2.39752189e-01 -5.94847777e-02  1.50387001e+00 -1.16551458e+00
  7.33018681e-01  2.21960995e-01 -1.21270126e+00  1.18427895e+00
  9.20259335e-01 -5.07402497e-01 -7.40669019e-01  9.33432343e-01
  5.00635099e-01  1.73926911e+00  7.38941311e-01 -2.40262628e+00
  2.50747765e-01 -6.27736043e-01  6.99542870e-01  3.25569504e-01
  4.36895585e-01  5.62255684e-01  8.47785740e-01  1.40134419e+00
  3.69759032e-01 -1.91057625e+00 -1.54110694e+00  7.64587203e-02
 -5.30486983e-01 -1.55619580e-01 -3.01070059e-01  7.12763630e-01
 -5.83308086e-01  1.70007874e+00 -4.29160906e-01 -1.98109839e-01
 -1.87928112e+00 -1.31514685e+00 -4.43205696e-01 -1.00482520e+00
 -1.05486001e+00  5.75326449e-01  1.51171754e-01  7.93210160e-01
  2.11450546e+00 -6.55088503e-01  3.39387370e-01 -1.63434067e+00
 -2.90301527e-01 -3.56810558e-01 -9.35151353e-01  3.26530244e-02
 -3.18385799e-01  1.07246150e+00  4.66645188e-01 -1.45797640e+00
  6.38275025e-01  1.44555918e+00 -1.21869754e+00  2.91878319e-01
 -1.61383591e+00  1.02115550e+00  4.72483411e-01  4.25185225e-01
 -1.69837388e+00 -1.70498117e+00  1.30366124e-01  2.56184396e-01
 -7.43248839e-02 -4.68806929e-01  1.89146682e+00  9.90143271e-01
  1.43511030e+00 -1.15977179e+00  1.46431134e+00  3.82991565e-01
 -2.06710962e-01  8.64275203e-01 -1.08053410e+00  7.45229886e-01
  1.53647085e+00  2.18727738e-01  8.62074739e-01  9.60005330e-01
 -1.40554844e+00 -7.85896939e-02  1.73914599e-01 -1.44372234e+00
  4.12810071e-01 -5.40451658e-02 -4.84372387e-01 -2.29141320e-01
 -7.07411318e-01  7.88888875e-01 -9.38890158e-02 -4.67476750e-01
 -1.83315588e-01  1.01825410e+00  3.04765859e-01 -1.51166757e-01
  5.53428083e-01  1.35763727e+00 -1.11371577e+00  7.02657570e-01
  2.09552884e-01  4.63692143e-01  7.59227384e-01  1.62133604e+00
 -2.26345909e+00  1.89731315e+00  1.68743245e+00  1.09726865e+00
  1.49269607e+00 -1.12648487e+00 -8.51693474e-01 -8.84987404e-02
 -1.43559599e-01 -9.15023444e-02  9.93960239e-01 -1.58907564e+00
  1.39558531e+00 -8.16608175e-01 -8.61899857e-01  4.31932319e-01
 -8.28414072e-01 -1.28742996e+00  1.96504360e-01 -7.91466962e-01
 -7.86304790e-01  4.91760618e-01  1.27105931e+00 -8.82960031e-01
  9.09577402e-01  4.19088984e-01 -4.30103009e-01  4.95211424e-02
  1.64403071e+00  1.10441106e-01 -4.63638332e-02 -5.00678787e-01
  5.17878496e-01  9.97627007e-01  2.26753356e+00  1.17236445e+00
  1.73320896e-01  9.15293966e-01  1.71303723e+00 -6.59893854e-01
  2.11647423e-01 -6.39055409e-02 -1.09148731e+00  2.96917704e-02
 -1.35632276e+00  6.32067637e-01  1.45362192e+00  9.81890384e-01
 -5.72759251e-02 -9.78225400e-01 -1.53322142e+00  5.32659492e-01
  5.44550428e-01 -1.18105322e+00 -6.91698115e-01  1.28012400e+00
  6.91004850e-01  1.65205970e+00 -5.47053429e-01  5.72315416e-01
 -6.60594824e-01  8.38205448e-01 -2.33104811e+00  3.92402448e-01
  7.90055142e-01 -1.10405000e+00  2.13570647e-01  7.79401611e-02
 -4.36411433e-01 -1.31578241e-01 -3.64275073e-02 -2.06271743e+00
  7.44917619e-01 -8.13864364e-02 -7.72538481e-01  1.07846191e+00
  3.37562135e-01  6.64971977e-01 -1.71183034e+00 -2.66584668e-01
 -1.33069772e+00  3.29443145e-01  7.48513082e-02  4.13260554e-02
  1.26720374e+00  8.97022814e-01  5.08654306e-01 -6.87521899e-01
 -8.81756072e-01 -5.64838874e-03  1.47537186e+00 -7.30153316e-01
 -1.74322638e+00  7.04163880e-01  3.21965278e-02  2.12557475e-01
  8.79160887e-02  6.54432383e-01 -6.22441715e-01  8.96802543e-02
  2.45615204e-01 -8.49754636e-01 -9.07997865e-01  8.21677978e-01
  6.96125135e-01 -1.26282080e+00  1.25924194e+00 -8.87044275e-01] 

4 - Market allocates Predictions to Buyer 1  adding noise Normal(0,(sigma x 1.0 ))^2
weights before [1. 1. 1. 1. 1. 1. 1. 1. 1. 1. 1. 1. 1. 1. 1. 1. 1. 1. 1. 1.] 

sigma within revenue func 1.9805503929179622 

price within revenue function= 0.5 
 bid= 5 

I= 37.39348800445989 

gain within function 7.478697600891977 

I= 37.39348800445989 

gain within function 7.478697600891977 

sigma within revenue func 1.9805503929179622 

price within revenue function= 1.0 
 bid= 5 

I= 35.5607374676231 

gain within function 7.478697600891977 

I= 35.741627039657025 

gain within function 7.478697600891977 

sigma within revenue func 1.9805503929179622 

price within revenue function= 1.5 
 bid= 5 

I= 31.821388667177107 

gain within function 7.478697600891977 

I= 32.00227823921104 

gain within function 7.478697600891977 

sigma within revenue func 1.9805503929179622 

price within revenue function= 2.0 
 bid= 5 

I= 28.08203986673112 

gain within function 7.478697600891977 

I= 28.26292943876505 

gain within function 7.478697600891977 

sigma within revenue func 1.9805503929179622 

price within revenue function= 2.5 
 bid= 5 

I= 24.34269106628513 

gain within function 7.478697600891977 

I= 24.52358063831906 

gain within function 7.478697600891977 

sigma within revenue func 1.9805503929179622 

price within revenue function= 3.0 
 bid= 5 

I= 20.603342265839142 

gain within function 7.478697600891977 

I= 20.784231837873072 

gain within function 7.478697600891977 

sigma within revenue func 1.9805503929179622 

price within revenue function= 3.5 
 bid= 5 

I= 16.863993465393154 

gain within function 7.478697600891977 

I= 17.044883037427084 

gain within function 7.478697600891977 

sigma within revenue func 1.9805503929179622 

price within revenue function= 4.0 
 bid= 5 

I= 13.124644664947164 

gain within function 7.478697600891977 

I= 13.305534236981096 

gain within function 7.478697600891977 

sigma within revenue func 1.9805503929179622 

price within revenue function= 4.5 
 bid= 5 

I= 9.385295864501176 

gain within function 7.478697600891977 

I= 9.566185436535108 

gain within function 7.478697600891977 

sigma within revenue func 1.9805503929179622 

price within revenue function= 5.0 
 bid= 5 

I= 5.645947064055187 

gain within function 7.478697600891977 

I= 5.826836636089119 

gain within function 7.478697600891977 

sigma within revenue func 1.9805503929179622 

price within revenue function= 5.5 
 bid= 5 

I= 1.906598263609199 

gain within function 3.813196527218398 

I= 2.087487835643131 

gain within function 4.174975671286262 

sigma within revenue func 1.9805503929179622 

price within revenue function= 6.0 
 bid= 5 

I= 0.0 

gain within function 0 

I= 0.0 

gain within function 0 

sigma within revenue func 1.9805503929179622 

price within revenue function= 6.5 
 bid= 5 

I= 0.0 

gain within function 0 

I= 0.0 

gain within function 0 

sigma within revenue func 1.9805503929179622 

price within revenue function= 7.0 
 bid= 5 

I= 0.0 

gain within function 0 

I= 0.0 

gain within function 0 

sigma within revenue func 1.9805503929179622 

price within revenue function= 7.5 
 bid= 5 

I= 0.0 

gain within function 0 

I= 0.0 

gain within function 0 

sigma within revenue func 1.9805503929179622 

price within revenue function= 8.0 
 bid= 5 

I= 0.0 

gain within function 0 

I= 0.0 

gain within function 0 

sigma within revenue func 1.9805503929179622 

price within revenue function= 8.5 
 bid= 5 

I= 0.0 

gain within function 0 

I= 0.0 

gain within function 0 

sigma within revenue func 1.9805503929179622 

price within revenue function= 9.0 
 bid= 5 

I= 0.0 

gain within function 0 

I= 0.0 

gain within function 0 

sigma within revenue func 1.9805503929179622 

price within revenue function= 9.5 
 bid= 5 

I= 0.0 

gain within function 0 

I= 0.0 

gain within function 0 

sigma within revenue func 1.9805503929179622 

price within revenue function= 10.0 
 bid= 5 

I= 0.0 

gain within function 0 

I= 0.0 

gain within function 0 

weights after [0.5        0.58711529 0.77408273 0.96105017 1.14801761 1.33498505
 1.52195249 1.70891993 1.89588737 2.08285481 1.39866937 0.5
 0.5        0.5        0.5        0.5        0.5        0.5
 0.5        0.5       ] 

probs [0.02715394 0.03188499 0.04203879 0.0521926  0.0623464  0.0725002
 0.08265401 0.09280781 0.10296162 0.11311542 0.07595877 0.02715394
 0.02715394 0.02715394 0.02715394 0.02715394 0.02715394 0.02715394
 0.02715394 0.02715394] w [0.5        0.58711529 0.77408273 0.96105017 1.14801761 1.33498505
 1.52195249 1.70891993 1.89588737 2.08285481 1.39866937 0.5
 0.5        0.5        0.5        0.5        0.5        0.5
 0.5        0.5       ]
g 7.478697600891977
I= 4.422103782200484 

gain within function 3.387635934047272 

6 - Market computes the revenue 12.516075888035875
###################
  O2 
###################
1 - Market set price: 5.0
2 - Buyer 2 arrives in day 0
3 - Buyer 2  bids 5
sigma= 0.7396783654881157 

noise= [-1.03075516e-01 -5.38883419e-01  3.92890367e-01  2.95933625e-03
  2.37633447e-01 -5.36425791e-01  1.13654268e+00 -2.77385865e-04
  9.56810669e-01 -3.24717074e-01  4.36439426e-01 -5.02525486e-01
 -7.03367001e-01 -5.20992702e-01 -3.39265954e-02 -1.61792407e-01
  1.13851813e+00 -8.49671667e-01 -8.06499676e-01  1.25759239e+00
  4.50304102e-01 -1.39163892e+00  3.67819194e-01  1.75549863e-01
 -1.58619887e+00 -2.73357331e-01 -1.29110502e-02  5.41002618e-01
  7.06019794e-01  7.08218152e-02  7.64421201e-01 -1.08195177e-01
 -6.34271850e-01 -6.90994099e-01  4.01382985e-01 -1.44841531e+00
  5.01359596e-01 -8.18508158e-01 -2.65710292e-01  3.73820060e-01
  9.00884535e-01 -1.43547972e+00 -5.96312582e-01  3.62898724e-02
 -4.40912166e-01  6.37323967e-01 -1.54325796e+00  2.67616846e-01
  3.15043940e-01  3.63037079e-02  8.15300665e-01 -9.09489474e-01
  8.20019832e-01 -5.19935015e-01  5.36674021e-01 -2.39806847e-01
  6.02351995e-01  5.77296722e-01 -1.08292875e+00 -1.14273794e-01
 -6.83701863e-02 -1.75951188e-01 -5.58947399e-01  1.36946856e+00
  1.54664288e-01  1.15021169e+00 -4.20986946e-01 -7.85388093e-01
  9.78208210e-02 -4.16613931e-01  1.76793926e+00  1.81533972e-01
  8.52552644e-01 -1.65862349e-01 -2.41180494e-01 -2.28645068e-02
  2.63116363e-01  6.28421009e-01 -9.03546822e-02 -5.03611179e-01
 -7.89885201e-01 -5.67180657e-02  4.23808133e-01  3.38733545e-01
 -1.31792556e-02 -4.43909686e-01  1.08559090e-01  4.22951698e-01
 -2.72332240e-02  8.31165401e-02 -1.11324794e-01  6.77175002e-01
 -3.24127258e-01  1.37236685e-01  2.91749881e-01  5.36653340e-01
  1.10647360e+00  4.99618570e-01  4.43225067e-01 -1.08750257e+00
  4.48543878e-01  1.69661329e+00 -6.13941169e-01 -7.54116776e-01
 -1.58774803e-01  7.55395145e-01  3.88146586e-01 -3.52918453e-01
 -2.66211588e-02  7.67075299e-01  4.97522276e-01  1.79658775e+00
  7.43884680e-01  2.61526020e-01  4.54699727e-01 -2.58136056e-01
 -7.23237536e-01  1.27192970e-01  3.62857391e-01 -1.03206067e+00
 -3.86375776e-01 -2.73130602e-01  1.96489938e-01 -1.92661109e-01
  3.29228407e-01  7.25715059e-02  7.84301319e-01 -1.26571370e+00
  1.22573924e+00  1.04862280e+00  3.72184600e-02  4.81030012e-01
  4.48650729e-01 -5.45357187e-01  1.21799187e-01  5.75598605e-01
  2.29164754e-01  7.77639227e-01  7.02665674e-02  5.97297593e-02
 -5.67927820e-01 -2.69640909e-01 -3.40043223e-01  1.26150926e+00
  1.77896754e-01 -7.39254161e-01  2.94834604e-01 -1.42020980e-01
 -2.25880345e+00  3.54936418e-01 -1.14849770e+00  4.27877617e-01
 -7.11025888e-01 -1.07869105e+00  3.65653824e-01 -1.10522280e+00
 -3.30413737e-01  1.51173537e-01  4.52855152e-01  5.50974976e-01
 -2.68364842e-02 -6.15704830e-01  1.42300465e+00 -4.48231273e-01
  1.33407575e+00 -3.34722933e-01  8.58977904e-01  7.91430361e-01
 -7.73359063e-01  2.62796263e-01  5.58747141e-01  5.18501310e-01
 -1.47149728e-01  2.23353313e-01 -2.91943418e-01 -8.66765005e-01
  7.27852563e-01 -4.13984239e-01  1.02057728e+00  4.45619898e-01
 -6.60271432e-01 -1.19234910e-01 -2.11832726e-01 -6.44176753e-01
  3.70896619e-01 -3.54020476e-01  1.20692691e+00  6.36782626e-01
 -6.51056809e-01 -1.40542747e-02 -1.67729608e-01 -1.15723261e+00
  6.88829678e-01  7.02553032e-01  6.84573226e-01 -3.38024032e-01
  7.90705796e-01 -1.55149708e-01  6.91708581e-01  1.34068761e+00
  1.03636248e-01 -1.04971365e+00 -2.34404959e-01  4.74123378e-01
  9.02314687e-01 -8.38641440e-01 -1.40944453e-01  1.72595904e-01
  3.21758849e-01  6.73420643e-01 -7.01540295e-01 -3.13237735e-01
  7.45570997e-01  2.90201646e-01  3.31657467e-01  8.32377446e-01
  7.69660412e-02  3.90552708e-01 -2.32676083e-01 -9.94874813e-01
 -9.58074235e-01  5.49733057e-02 -1.47610746e-01 -4.84195802e-01
  2.35228295e-01 -6.58514607e-01  8.23537672e-02 -1.44404140e-02
 -6.21321627e-01 -1.69993317e+00  1.07736180e+00  2.34209713e-01
 -1.97059632e+00 -3.15420023e-01  2.91276265e-01 -1.68750733e-01
  4.29257629e-01 -7.19904977e-01  1.29567780e-01 -3.95607304e-02
 -1.35406991e-01 -1.63490297e-01  1.47757821e-01  6.89913851e-01
 -3.92118147e-01 -3.01226635e-01  1.18766451e-01 -8.88723376e-02
  2.85221673e-01  5.31304117e-01  9.55064497e-01 -8.61312173e-02
 -1.68446806e+00 -5.14997655e-02  2.61750299e-01 -1.38286581e-01
 -1.13345474e-01 -1.79927392e+00  3.75745024e-01 -2.39679703e-01
 -1.11771068e+00 -6.44572049e-01 -6.39695998e-01  4.50278526e-01
  4.15431549e-01  1.12042809e+00  4.79255966e-01 -9.99785808e-01
 -1.04236161e+00  8.36373082e-01  1.15884389e+00 -1.75857125e-01
  4.13334481e-01 -1.11313553e+00 -1.43787687e+00 -8.68399914e-01
 -2.64203885e-01 -3.85650833e-01 -1.70210394e-01 -3.63192753e-01
  5.02464361e-01  1.05592560e+00  2.67744801e-02  1.50154522e+00
 -4.69255439e-01 -3.88407620e-01  2.86798942e-01 -2.62436968e-01
  8.70640089e-01 -4.74213581e-01  9.78368125e-01  1.43627059e-01
  1.89760992e+00 -3.43295755e-01 -1.49928298e-01  1.07735498e-01
 -1.61325920e+00  4.45482485e-01  3.55671467e-01  8.08604287e-02
 -1.14235615e+00 -1.14395774e+00  4.33909027e-01  8.69254251e-01
  1.17939099e+00 -6.62338723e-01 -7.62459000e-01 -2.01147247e-01
 -1.46140484e+00 -4.35619650e-01  6.30050367e-01  1.20908011e+00
  2.06485250e-01  1.21348204e+00  3.03913823e-01  1.41547748e-01
 -1.26811337e-01  1.38273288e-01 -1.88509211e-01 -1.04228635e-01
 -4.89587071e-01  1.91600294e-01  1.06871800e-02 -1.09441334e+00
 -1.78040954e-01 -6.32921617e-01 -1.51500957e+00  3.57918267e-01
  1.15292798e+00  1.75283815e+00  1.15568792e+00 -6.44113069e-01
  8.69303295e-01  8.28365064e-01 -1.47035450e+00  6.37076481e-01
  4.63909284e-01  1.20425740e-01  2.13483541e-01  4.31287096e-02
  1.20710764e+00 -2.97194508e-01 -1.47890844e-01  5.46547139e-03
  2.03902753e-01 -1.30423773e+00  1.02665420e+00  1.67315066e-01
  4.20969151e-01  1.45950370e-01 -1.37906575e-01 -2.62764462e-01
  7.10935517e-02  1.12469827e-01  8.54522127e-01  2.55971428e-01
 -9.87386808e-02  1.46941923e+00 -9.46363848e-01 -9.91323733e-01
  2.62291466e-01 -1.57087925e-01 -1.31263026e+00 -2.30949526e-01
 -5.25656699e-01  8.36671354e-01 -4.59526494e-01  7.77116926e-01
  3.40090576e-01 -1.52618512e-01  1.56603436e-02  3.17069596e-01
 -1.70720616e+00  2.41925425e-01 -2.80426574e-01  1.32988206e+00
 -5.11316692e-01  8.45129813e-01 -1.86023534e+00  6.02560500e-01
  2.04227234e-01 -1.82712754e-01 -8.94192076e-02 -1.92731032e-01
  3.12886323e-01 -9.93007589e-02 -1.32235091e+00 -1.37440271e-01
  1.65297532e+00  3.46511242e-02  2.15089553e-01 -3.24019442e-01
  1.28744323e-01  1.31622479e-01 -1.93205409e-01  6.38537260e-01
 -6.82780795e-01 -9.63025788e-02  3.73577334e-01 -1.97497215e-01
 -9.05277299e-01  4.12935965e-01 -7.26483212e-01 -3.30864170e-01
 -6.12562855e-01 -8.19034123e-02 -3.17607515e-01 -3.51043857e-01
  5.03705380e-01  1.30376367e+00 -2.64445529e-01  3.86596725e-01
 -2.62891670e-01  7.31854388e-02  8.34173272e-01  3.72008208e-02
 -6.03242732e-01 -5.39910924e-01 -4.56193988e-01 -9.84084467e-03
  6.34652508e-01 -1.00507263e+00 -7.67260357e-01 -6.83863132e-01
 -1.29399734e+00  9.80756323e-01 -2.69084958e-02  1.40596534e+00
 -1.05354880e+00  9.57278658e-01 -5.18994239e-01 -3.01322543e-01
 -7.31515613e-01 -7.02593747e-01 -9.79145842e-01  1.60016808e-01
 -9.72086072e-01 -1.78855609e-01 -6.80618321e-03  4.93077502e-01
  7.42575851e-02  2.37677767e-01  3.80499102e-01 -1.27600918e-02
  2.68760595e-01 -7.24677830e-01 -5.73598704e-01  1.40354769e+00
 -8.67954451e-03 -5.25541978e-01  1.02066731e+00 -1.16013086e-01
 -4.78195426e-01 -1.07178770e+00  5.76573269e-01 -8.03513279e-01
 -3.98710738e-01  4.76426826e-01  1.35829782e-01 -6.39280888e-02
 -1.58282132e-01  8.47617672e-01  1.64968554e+00 -4.05906513e-01
  4.20806048e-01  1.42669186e+00  7.98155159e-01 -5.08034494e-01
 -3.18565142e-01 -4.42304394e-01 -6.75654328e-01 -4.61489144e-01
  1.93703626e-01 -4.34212655e-01  6.48106082e-01  9.11693998e-02
 -2.93745276e-01  6.55421544e-01  2.35936559e-01  1.95916853e-01
  7.69293944e-01  4.24032050e-01 -8.05498400e-02  6.93489034e-01
  2.28795686e-01  2.15787018e+00  8.12676115e-01  8.53006427e-01
  9.54919867e-01  5.90556332e-02  9.71120332e-01  1.72766880e-02
 -6.14800984e-01 -4.17168582e-01  3.90513603e-01 -1.15472661e+00
  1.54114148e-01 -5.38744801e-01  5.31249120e-01 -5.51928551e-01
  1.38490222e+00  5.67938459e-01 -9.38547521e-01  1.30091624e+00
 -1.68093765e-01 -5.38098340e-01 -7.57282205e-01  4.19963295e-01
  1.11286228e+00 -4.27849918e-01 -7.37918554e-01 -8.43011498e-01
  1.10685863e+00  1.23580226e+00 -2.57756563e-01  3.97728820e-01
 -2.14909871e-03 -4.48469229e-02  7.13066685e-01  3.26165614e-01
  2.43716600e-01 -2.16414309e-01  6.03281941e-01 -2.08593665e-01
  3.69265844e-02  1.62342754e-01 -8.88468852e-01 -2.21234076e-01
 -2.31225686e-01  7.48577336e-02 -8.22387788e-01 -8.77666623e-01
  1.20083979e+00  8.55396317e-01  6.57603178e-01  1.34977898e+00
  3.10365519e-01 -6.73689698e-02  3.56654969e-01 -1.39006793e+00
 -8.12228346e-01  5.61147423e-01  2.41249673e-02 -9.45039956e-01
  4.87105477e-01  7.38865939e-01  4.94016062e-01 -2.24098723e-02
 -6.18407713e-01  7.95856480e-02  3.15786690e-01 -2.65240376e-01
  4.46052616e-01  2.32578499e-01  2.46397626e-01 -1.50342571e+00
  7.99661098e-01  1.27549525e+00 -2.97696595e-01 -1.09243022e+00
  4.72602195e-01 -3.44438430e-01 -7.15278130e-01  9.00718370e-01
 -1.02325578e+00  5.30666431e-01 -9.22921935e-01  1.08160799e+00
  3.82082684e-01 -1.90389510e-01  1.10485726e-01  4.30557447e-01
  6.13854917e-01  6.12299411e-01  4.04404549e-01 -3.53108888e-01
  4.91205274e-01 -9.69958276e-01  7.42705946e-01  6.45743531e-01
  1.03117159e+00 -4.35507537e-01  1.37736765e-01  6.34855586e-01
  2.35112596e-01 -3.15596559e-01  2.27326141e-01  5.03218242e-02
  7.36500664e-01 -4.64860154e-01  2.51111785e-01  2.16674816e-01
  5.60179229e-01 -5.39168168e-02  9.41718815e-02 -5.24799396e-02
  2.51977815e-02  6.18309185e-03 -2.41685876e-01  2.09129249e+00
 -6.24223070e-01 -8.67945922e-01 -5.88507792e-01 -5.25210509e-01
  8.45938426e-03  1.05843003e+00  1.24886096e+00  1.75543698e-01
 -1.84787390e+00  2.84302298e-01 -9.69462827e-01 -3.70358123e-01
 -8.50425073e-01  3.14823814e-01 -4.63487970e-01  5.71120221e-01
  3.53050256e-01 -1.77574265e-01  5.95887633e-02  6.78595553e-01
 -2.75257927e-01  6.77263481e-01 -1.42876323e-02  1.99267468e-01
  5.91181181e-01  9.84905801e-01  3.85233516e-01  4.31764197e-02
  5.33075794e-01 -1.14313418e+00  1.21230444e+00 -9.80437213e-01
  6.68454316e-01 -4.17299854e-01  3.75203023e-01 -8.62224017e-02
  2.24558777e-01 -5.92324849e-01 -1.59816979e+00  3.00794386e-01
 -4.44180068e-01 -4.79781844e-01 -5.36505832e-01  1.46782607e+00
 -4.30635151e-01  2.41736490e-01 -8.58354725e-01  1.12660169e+00
 -4.11459382e-01 -1.92363848e+00  2.00597065e+00 -8.12276786e-01
  9.68188930e-01  5.42237913e-01  4.82403167e-01 -1.71224321e-01
  1.39946224e-01  9.05318987e-01 -2.22591940e-01  1.85888298e-01
  6.86636189e-01  6.16809188e-02 -3.14350875e-01  1.07377548e+00
  2.52739664e-01 -9.25875119e-02 -5.73912615e-01 -7.43818509e-01
  6.61112766e-01  7.02153066e-01 -1.60562801e+00 -4.55265850e-01
  7.13706880e-01  1.79320716e+00  1.59057019e+00  6.96678033e-01
  1.01582431e+00 -3.90120762e-01  5.72906430e-01 -9.15103964e-01
 -4.15607777e-01  2.37415366e-01  1.60357615e+00  5.53252293e-01
  2.02543975e-01 -1.25807132e-01 -9.78182455e-01  4.45924720e-01
 -2.58217055e-01  1.76816197e-01 -6.57818837e-01  8.96896660e-02
 -1.13690700e+00  3.72728529e-01  9.76172705e-01  6.76029645e-01
  1.56354970e+00  2.40065214e-01  3.73806404e-01  3.80834382e-01
 -6.50717102e-01  1.59270021e+00  7.31229822e-01 -1.79613451e-01
 -6.67805108e-01  4.30129836e-01  6.34309373e-01  1.01990454e-01
  1.37635295e-01 -1.39145952e-01 -2.03218918e-03  9.87575155e-01
  1.03600675e+00 -1.10964839e+00  1.02725699e-01 -8.90647718e-01
 -9.87985029e-01  4.33416599e-01 -6.22490632e-01 -2.33247028e+00
  4.77205460e-01  9.48372573e-01  1.50803934e+00 -2.93129574e-01
  1.06916462e+00 -1.93870560e+00 -7.71780116e-01  3.83870416e-01
  3.48783697e-01  9.76684563e-01  7.07642518e-01 -6.03355788e-02
  1.13115156e+00  5.07776357e-01  1.27009339e+00 -5.94906291e-01
  2.22091149e-01 -3.17762626e-01  5.96116638e-01 -1.62397988e-01
 -1.86289622e-01 -9.81175695e-01  2.27971930e-01  8.25103357e-01] 

4 - Market allocates Predictions to Buyer 2  adding noise Normal(0,(sigma x 0 ))^2
weights before [0.5        0.58711529 0.77408273 0.96105017 1.14801761 1.33498505
 1.52195249 1.70891993 1.89588737 2.08285481 1.39866937 0.5
 0.5        0.5        0.5        0.5        0.5        0.5
 0.5        0.5       ] 

sigma within revenue func 1.4411939492295942 

price within revenue function= 0.5 
 bid= 5 

I= 18.234316920733445 

gain within function 3.646863384146689 

I= 18.234316920733445 

gain within function 3.646863384146689 

sigma within revenue func 1.4411939492295942 

price within revenue function= 1.0 
 bid= 5 

I= 17.072965805647048 

gain within function 3.646863384146689 

I= 17.089822048857968 

gain within function 3.646863384146689 

sigma within revenue func 1.4411939492295942 

price within revenue function= 1.5 
 bid= 5 

I= 15.249534113573702 

gain within function 3.646863384146689 

I= 15.266390356784623 

gain within function 3.646863384146689 

sigma within revenue func 1.4411939492295942 

price within revenue function= 2.0 
 bid= 5 

I= 13.426102421500358 

gain within function 3.646863384146689 

I= 13.442958664711279 

gain within function 3.646863384146689 

sigma within revenue func 1.4411939492295942 

price within revenue function= 2.5 
 bid= 5 

I= 11.602670729427015 

gain within function 3.646863384146689 

I= 11.619526972637935 

gain within function 3.646863384146689 

sigma within revenue func 1.4411939492295942 

price within revenue function= 3.0 
 bid= 5 

I= 9.77923903735367 

gain within function 3.646863384146689 

I= 9.796095280564591 

gain within function 3.646863384146689 

sigma within revenue func 1.4411939492295942 

price within revenue function= 3.5 
 bid= 5 

I= 7.955807345280326 

gain within function 3.646863384146689 

I= 7.972663588491248 

gain within function 3.646863384146689 

sigma within revenue func 1.4411939492295942 

price within revenue function= 4.0 
 bid= 5 

I= 6.1323756532069815 

gain within function 3.646863384146689 

I= 6.149231896417903 

gain within function 3.646863384146689 

sigma within revenue func 1.4411939492295942 

price within revenue function= 4.5 
 bid= 5 

I= 4.308943961133637 

gain within function 3.646863384146689 

I= 4.325800204344558 

gain within function 3.646863384146689 

sigma within revenue func 1.4411939492295942 

price within revenue function= 5.0 
 bid= 5 

I= 2.485512269060292 

gain within function 3.646863384146689 

I= 2.502368512271214 

gain within function 3.646863384146689 

sigma within revenue func 1.4411939492295942 

price within revenue function= 5.5 
 bid= 5 

I= 0.6620805769869477 

gain within function 1.3241611539738953 

I= 0.6789368201978696 

gain within function 1.3578736403957392 

sigma within revenue func 1.4411939492295942 

price within revenue function= 6.0 
 bid= 5 

I= 0.0 

gain within function 0 

I= 0.0 

gain within function 0 

sigma within revenue func 1.4411939492295942 

price within revenue function= 6.5 
 bid= 5 

I= 0.0 

gain within function 0 

I= 0.0 

gain within function 0 

sigma within revenue func 1.4411939492295942 

price within revenue function= 7.0 
 bid= 5 

I= 0.0 

gain within function 0 

I= 0.0 

gain within function 0 

sigma within revenue func 1.4411939492295942 

price within revenue function= 7.5 
 bid= 5 

I= 0.0 

gain within function 0 

I= 0.0 

gain within function 0 

sigma within revenue func 1.4411939492295942 

price within revenue function= 8.0 
 bid= 5 

I= 0.0 

gain within function 0 

I= 0.0 

gain within function 0 

sigma within revenue func 1.4411939492295942 

price within revenue function= 8.5 
 bid= 5 

I= 0.0 

gain within function 0 

I= 0.0 

gain within function 0 

sigma within revenue func 1.4411939492295942 

price within revenue function= 9.0 
 bid= 5 

I= 0.0 

gain within function 0 

I= 0.0 

gain within function 0 

sigma within revenue func 1.4411939492295942 

price within revenue function= 9.5 
 bid= 5 

I= 0.0 

gain within function 0 

I= 0.0 

gain within function 0 

sigma within revenue func 1.4411939492295942 

price within revenue function= 10.0 
 bid= 5 

I= 0.0 

gain within function 0 

I= 0.0 

gain within function 0 

weights after [0.25       0.35120379 0.5358591  0.7205144  0.90516971 1.08982501
 1.27448032 1.45913562 1.64379093 1.82844623 1.0010636  0.25
 0.25       0.25       0.25       0.25       0.25       0.25
 0.25       0.25      ] 

probs [0.01878359 0.02638747 0.04026143 0.05413539 0.06800935 0.08188331
 0.09575727 0.10963123 0.12350519 0.13737915 0.07521428 0.01878359
 0.01878359 0.01878359 0.01878359 0.01878359 0.01878359 0.01878359
 0.01878359 0.01878359] w [0.25       0.35120379 0.5358591  0.7205144  0.90516971 1.08982501
 1.27448032 1.45913562 1.64379093 1.82844623 1.0010636  0.25
 0.25       0.25       0.25       0.25       0.25       0.25
 0.25       0.25      ]
g 3.646863384146689
I= 17.091803809803203 

gain within function 3.646863384146689 

6 - Market computes the revenue 1.142513110930242
###################
  O3 
###################
1 - Market set price: 4.5
2 - Buyer 3 arrives in day 0
3 - Buyer 3  bids 5
sigma= 0.827625645461601 

noise= [-1.15331128e-01 -6.02956310e-01  4.39604777e-01  3.31119942e-03
  2.65887910e-01 -6.00206471e-01  1.27167687e+00 -3.10366866e-04
  1.07057484e+00 -3.63325725e-01  4.88331792e-01 -5.62275442e-01
 -7.86996883e-01 -5.82938398e-01 -3.79604457e-02 -1.81029420e-01
  1.27388719e+00 -9.50697079e-01 -9.02391966e-01  1.40711931e+00
  5.03844969e-01 -1.55710388e+00  4.11552659e-01  1.96422628e-01
 -1.77479689e+00 -3.05859341e-01 -1.44461658e-02  6.05327480e-01
  7.89965092e-01  7.92424832e-02  8.55310388e-01 -1.21059513e-01
 -7.09686363e-01 -7.73152851e-01  4.49107162e-01 -1.62063095e+00
  5.60970929e-01 -9.15828249e-01 -2.97303074e-01  4.18267023e-01
  1.00799912e+00 -1.60615734e+00 -6.67213763e-01  4.06047148e-02
 -4.93336337e-01  7.13101375e-01 -1.72675034e+00  2.99436316e-01
  3.52502461e-01  4.06201954e-02  9.12239387e-01 -1.01762719e+00
  9.17519660e-01 -5.81754952e-01  6.00484216e-01 -2.68319726e-01
  6.73971258e-01  6.45936929e-01 -1.21168828e+00 -1.27860874e-01
 -7.64993573e-02 -1.96871670e-01 -6.25405884e-01  1.53229748e+00
  1.73053772e-01  1.28697112e+00 -4.71042022e-01 -8.78770230e-01
  1.09451653e-01 -4.66149058e-01  1.97814609e+00  2.03118244e-01
  9.53920603e-01 -1.85583276e-01 -2.69856699e-01 -2.55830819e-02
  2.94400728e-01  7.03139861e-01 -1.01097796e-01 -5.63490223e-01
 -8.83802041e-01 -6.34618071e-02  4.74198646e-01  3.79008745e-01
 -1.47462605e-02 -4.96690261e-01  1.21466696e-01  4.73240382e-01
 -3.04712367e-02  9.29990431e-02 -1.24561240e-01  7.57690673e-01
 -3.62665779e-01  1.53554038e-01  3.26438753e-01  6.00461076e-01
  1.23803259e+00  5.59022895e-01  4.95924241e-01 -1.21680592e+00
  5.01875456e-01  1.89833952e+00 -6.86938378e-01 -8.43780773e-01
 -1.77653025e-01  8.45211140e-01  4.34296965e-01 -3.94880229e-01
 -2.97863974e-02  8.58280057e-01  5.56677353e-01  2.01020087e+00
  8.32332088e-01  2.92621295e-01  5.08763231e-01 -2.88828266e-01
 -8.09230012e-01  1.42316133e-01  4.06000901e-01 -1.15477201e+00
 -4.32315607e-01 -3.05605654e-01  2.19852465e-01 -2.15568390e-01
  3.68373452e-01  8.12002111e-02  8.77554239e-01 -1.41620624e+00
  1.37147885e+00  1.17330337e+00  4.16437109e-02  5.38224170e-01
  5.01995011e-01 -6.10199804e-01  1.36281031e-01  6.44036907e-01
  2.56412295e-01  8.70100029e-01  7.86212169e-02  6.68315891e-02
 -6.35454071e-01 -3.01701039e-01 -3.80474142e-01  1.41150190e+00
  1.99048563e-01 -8.27151003e-01  3.29890248e-01 -1.58907183e-01
 -2.52737372e+00  3.97138128e-01 -1.28505333e+00  4.78751989e-01
 -7.95566407e-01 -1.20694672e+00  4.09129828e-01 -1.23663308e+00
 -3.69699717e-01  1.69147973e-01  5.06699337e-01  6.16485545e-01
 -3.00273249e-02 -6.88911737e-01  1.59219898e+00 -5.01525682e-01
  1.49269649e+00 -3.74521273e-01  9.61109822e-01  8.85530920e-01
 -8.65310956e-01  2.94042569e-01  6.25181816e-01  5.80150781e-01
 -1.64645736e-01  2.49909877e-01 -3.26655302e-01 -9.69822804e-01
  8.14393763e-01 -4.63206698e-01  1.14192326e+00  4.98603816e-01
 -7.38777279e-01 -1.33411863e-01 -2.37019500e-01 -7.20768953e-01
  4.14995988e-01 -3.96113282e-01  1.35042974e+00  7.12495669e-01
 -7.28467043e-01 -1.57253189e-02 -1.87672550e-01 -1.29482682e+00
  7.70731082e-01  7.86086134e-01  7.65968540e-01 -3.78214871e-01
  8.84720205e-01 -1.73596909e-01  7.73952285e-01  1.50009450e+00
  1.15958531e-01 -1.17452392e+00 -2.62275557e-01  5.30496341e-01
  1.00959932e+00 -9.38355365e-01 -1.57702658e-01  1.93117445e-01
  3.60015769e-01  7.53489922e-01 -7.84952983e-01 -3.50481499e-01
  8.34218907e-01  3.24706434e-01  3.71091326e-01  9.31346587e-01
  8.61172538e-02  4.36989173e-01 -2.60341119e-01 -1.11316479e+00
 -1.07198864e+00  6.15095962e-02 -1.65161568e-01 -5.41766370e-01
  2.63196787e-01 -7.36811568e-01  9.21455770e-02 -1.61573699e-02
 -6.95196368e-01 -1.90205413e+00  1.20545942e+00  2.62057097e-01
 -2.20489895e+00 -3.52923260e-01  3.25908825e-01 -1.88815086e-01
  4.80296084e-01 -8.05501213e-01  1.44973305e-01 -4.42644757e-02
 -1.51506795e-01 -1.82929188e-01  1.65326131e-01  7.71944162e-01
 -4.38740742e-01 -3.37042288e-01  1.32887705e-01 -9.94392011e-02
  3.19134346e-01  5.94475834e-01  1.06862105e+00 -9.63721634e-02
 -1.88475022e+00 -5.76230544e-02  2.92872240e-01 -1.54728766e-01
 -1.26822177e-01 -2.01320643e+00  4.20420864e-01 -2.68177465e-01
 -1.25060575e+00 -7.21211250e-01 -7.15755439e-01  5.03816352e-01
  4.64826092e-01  1.25364626e+00  5.36239191e-01 -1.11865969e+00
 -1.16629774e+00  9.35817301e-01  1.29662968e+00 -1.96766423e-01
  4.62479684e-01 -1.24548662e+00 -1.60883950e+00 -9.71652103e-01
 -2.95617556e-01 -4.31504468e-01 -1.90448300e-01 -4.06376137e-01
  5.62207049e-01  1.18147447e+00  2.99579485e-02  1.68007798e+00
 -5.25049608e-01 -4.34589035e-01  3.20899151e-01 -2.93640554e-01
  9.74158633e-01 -5.30597269e-01  1.09469546e+00  1.60704223e-01
  2.12323451e+00 -3.84113398e-01 -1.67754676e-01  1.20545179e-01
 -1.80507468e+00  4.98450065e-01  3.97960575e-01  9.04746815e-02
 -1.27818156e+00 -1.27997358e+00  4.85500530e-01  9.72608020e-01
  1.31961982e+00 -7.41090369e-01 -8.53114883e-01 -2.25063525e-01
 -1.63516493e+00 -4.87414545e-01  7.04962949e-01  1.35283895e+00
  2.31036212e-01  1.35776427e+00  3.40048981e-01  1.58377684e-01
 -1.41889123e-01  1.54713893e-01 -2.10922835e-01 -1.16621352e-01
 -5.47798657e-01  2.14381445e-01  1.19578788e-02 -1.22453838e+00
 -1.99209908e-01 -7.08175588e-01 -1.69514323e+00  4.00474518e-01
  1.29001037e+00  1.96124948e+00  1.29309847e+00 -7.20697697e-01
  9.72662896e-01  9.26857136e-01 -1.64517870e+00  7.12824463e-01
  5.19067799e-01  1.34744283e-01  2.38866596e-01  4.82566853e-02
  1.35063196e+00 -3.32530743e-01 -1.65474969e-01  6.11531241e-03
  2.28146658e-01 -1.45931075e+00  1.14872272e+00  1.87208720e-01
  4.71022111e-01  1.63303775e-01 -1.54303577e-01 -2.94006987e-01
  7.95465291e-02  1.25842417e-01  9.56124256e-01  2.86406266e-01
 -1.10478646e-01  1.64413223e+00 -1.05888590e+00 -1.10919148e+00
  2.93477752e-01 -1.75765577e-01 -1.46870115e+00 -2.58409275e-01
 -5.88156941e-01  9.36151038e-01 -5.14163897e-01  8.69515627e-01
  3.80527126e-01 -1.70764754e-01  1.75223483e-02  3.54768966e-01
 -1.91019186e+00  2.70690202e-01 -3.13769113e-01  1.48800418e+00
 -5.72111917e-01  9.45615202e-01 -2.08141612e+00  6.74204554e-01
  2.28509720e-01 -2.04437183e-01 -1.00051094e-01 -2.15646627e-01
  3.50088304e-01 -1.11107555e-01 -1.47957757e+00 -1.53781830e-01
  1.84951302e+00  3.87711205e-02  2.40663562e-01 -3.62545145e-01
  1.44051940e-01  1.47272307e-01 -2.16177407e-01  7.14458928e-01
 -7.63962990e-01 -1.07752893e-01  4.17995438e-01 -2.20979506e-01
 -1.01291419e+00  4.62033784e-01 -8.12861597e-01 -3.70203706e-01
 -6.85396183e-01 -9.16416751e-02 -3.55370843e-01 -3.92782745e-01
  5.63595624e-01  1.45878033e+00 -2.95887932e-01  4.32562826e-01
 -2.94149319e-01  8.18871402e-02  9.33355935e-01  4.16239744e-02
 -6.74967903e-01 -6.04105984e-01 -5.10435158e-01 -1.10109147e-02
  7.10112282e-01 -1.12457511e+00 -8.58487118e-01 -7.65174017e-01
 -1.44785279e+00  1.09736762e+00 -3.01078985e-02  1.57313371e+00
 -1.17881508e+00  1.07109847e+00 -5.80702319e-01 -3.37149599e-01
 -8.18492347e-01 -7.86131690e-01 -1.09556565e+00  1.79042704e-01
 -1.08766648e+00 -2.00121425e-01 -7.61543399e-03  5.51704099e-01
  8.30867640e-02  2.65937500e-01  4.25740200e-01 -1.42772585e-02
  3.00716056e-01 -8.10841556e-01 -6.41799219e-01  1.57042861e+00
 -9.71153675e-03 -5.88028579e-01  1.14202399e+00 -1.29806967e-01
 -5.35052553e-01 -1.19922257e+00  6.45127459e-01 -8.99050489e-01
 -4.46117187e-01  5.33073668e-01  1.51979855e-01 -7.15290972e-02
 -1.77101776e-01  9.48398866e-01  1.84583208e+00 -4.54168535e-01
  4.70839615e-01  1.59632460e+00  8.93055292e-01 -5.68439468e-01
 -3.56442332e-01 -4.94894101e-01 -7.55989192e-01 -5.16359905e-01
  2.16734862e-01 -4.85840259e-01  7.25165477e-01  1.02009383e-01
 -3.28671400e-01  7.33350742e-01  2.63989263e-01  2.19211240e-01
  8.60762497e-01  4.74449187e-01 -9.01271639e-02  7.75944432e-01
  2.55999346e-01  2.41443955e+00  9.09302780e-01  9.54428340e-01
  1.06845922e+00  6.60773098e-02  1.08658591e+00  1.93308750e-02
 -6.87900424e-01 -4.66769657e-01  4.36945418e-01 -1.29202286e+00
  1.72438221e-01 -6.02801210e-01  5.94414297e-01 -6.17552499e-01
  1.54956620e+00  6.35465975e-01 -1.05014022e+00  1.45559434e+00
 -1.88080005e-01 -6.02077885e-01 -8.47322570e-01  4.69896659e-01
  1.24518088e+00 -4.78720996e-01 -8.25656593e-01 -9.43245021e-01
  1.23846341e+00  1.38273835e+00 -2.88403652e-01  4.45018520e-01
 -2.40462516e-03 -5.01791931e-02  7.97849853e-01  3.64946495e-01
  2.72694346e-01 -2.42145830e-01  6.75011774e-01 -2.33395317e-01
  4.13171314e-02  1.81645202e-01 -9.94107224e-01 -2.47538665e-01
 -2.58718271e-01  8.37582698e-02 -9.20169165e-01 -9.82020617e-01
  1.34361887e+00  9.57102386e-01  7.35791771e-01  1.51026683e+00
  3.47267779e-01 -7.53790968e-02  3.99061015e-01 -1.55534611e+00
 -9.08801772e-01  6.27867489e-01  2.69934103e-02 -1.05740460e+00
  5.45022003e-01  8.26716622e-01  5.52754253e-01 -2.50743916e-02
 -6.91935991e-01  8.90483302e-02  3.53333523e-01 -2.96777285e-01
  4.99087984e-01  2.60231932e-01  2.75694145e-01 -1.68218205e+00
  8.94740286e-01  1.42715081e+00 -3.33092528e-01 -1.22231947e+00
  5.28794290e-01 -3.85391937e-01 -8.00324238e-01  1.00781320e+00
 -1.14492023e+00  5.93762326e-01 -1.03265676e+00  1.21021048e+00
  4.27512068e-01 -2.13026700e-01  1.23622408e-01  4.81750450e-01
  6.86841870e-01  6.85101415e-01  4.52487989e-01 -3.95093306e-01
  5.49609264e-01 -1.08528569e+00  8.31013204e-01  7.22522020e-01
  1.15377722e+00 -4.87289102e-01  1.54113577e-01  7.10339505e-01
  2.63067332e-01 -3.53120786e-01  2.54355073e-01  5.63050566e-02
  8.24070117e-01 -5.20131726e-01  2.80968814e-01  2.42437312e-01
  6.26784178e-01 -6.03274915e-02  1.05368857e-01 -5.87197705e-02
  2.81937815e-02  6.91825747e-03 -2.70422170e-01  2.33994582e+00
 -6.98442790e-01 -9.71144131e-01 -6.58480989e-01 -5.87657699e-01
  9.46519958e-03  1.18427668e+00  1.39734972e+00  1.96415730e-01
 -2.06758491e+00  3.18105658e-01 -1.08473133e+00 -4.14393464e-01
 -9.51540065e-01  3.52256162e-01 -5.18596391e-01  6.39026046e-01
  3.95027704e-01 -1.98687730e-01  6.66738287e-02  7.59280126e-01
 -3.07985917e-01  7.57789671e-01 -1.59864225e-02  2.22960241e-01
  6.61472242e-01  1.10201046e+00  4.31037532e-01  4.83100681e-02
  5.96458162e-01 -1.27905210e+00  1.35644665e+00 -1.09701056e+00
  7.47933103e-01 -4.66916537e-01  4.19814420e-01 -9.64741896e-02
  2.51258670e-01 -6.62751890e-01 -1.78819115e+00  3.36558644e-01
 -4.96992791e-01 -5.36827596e-01 -6.00296029e-01  1.64234964e+00
 -4.81837392e-01  2.70478803e-01 -9.60412547e-01  1.26055390e+00
 -4.60381637e-01 -2.15235786e+00  2.24447926e+00 -9.08855971e-01
  1.08330597e+00  6.06709651e-01  5.39760592e-01 -1.91582782e-01
  1.56585739e-01  1.01296083e+00 -2.49057978e-01  2.07990296e-01
  7.68276788e-01  6.90147402e-02 -3.51726991e-01  1.20144669e+00
  2.82790247e-01 -1.03596107e-01 -6.42150455e-01 -8.32258050e-01
  7.39718647e-01  7.85638613e-01 -1.79653614e+00 -5.09396665e-01
  7.98566167e-01  2.00641833e+00  1.77968796e+00  7.79512601e-01
  1.13660516e+00 -4.36505869e-01  6.41024635e-01 -1.02390923e+00
 -4.65023274e-01  2.65643900e-01  1.79424032e+00  6.19033633e-01
  2.26626323e-01 -1.40765518e-01 -1.09448772e+00  4.98944881e-01
 -2.88918896e-01  1.97839529e-01 -7.36033072e-01  1.00353709e-01
 -1.27208451e+00  4.17045710e-01  1.09223901e+00  7.56409133e-01
  1.74945475e+00  2.68608813e-01  4.18251744e-01  4.26115344e-01
 -7.28086945e-01  1.78207124e+00  8.18172575e-01 -2.00969374e-01
 -7.47206704e-01  4.81271996e-01  7.09728348e-01  1.14117053e-01
  1.54000042e-01 -1.55690316e-01 -2.27381516e-03  1.10499720e+00
  1.15918728e+00 -1.24158486e+00  1.14939718e-01 -9.96545157e-01
 -1.10545581e+00  4.84949553e-01 -6.96504367e-01 -2.60979950e+00
  5.33944881e-01  1.06113346e+00  1.68734425e+00 -3.27982491e-01
  1.19628761e+00 -2.16921645e+00 -8.63544273e-01  4.29512361e-01
  3.90253853e-01  1.09281173e+00  7.91780756e-01 -6.75094402e-02
  1.26564475e+00  5.68150638e-01  1.42110667e+00 -6.65640265e-01
  2.48497643e-01 -3.55544397e-01  6.66994521e-01 -1.81707004e-01
 -2.08439337e-01 -1.09783685e+00  2.55077645e-01  9.23207613e-01] 

4 - Market allocates Predictions to Buyer 3  adding noise Normal(0,(sigma x 0 ))^2
weights before [0.25       0.35120379 0.5358591  0.7205144  0.90516971 1.08982501
 1.27448032 1.45913562 1.64379093 1.82844623 1.0010636  0.25
 0.25       0.25       0.25       0.25       0.25       0.25
 0.25       0.25      ] 

sigma within revenue func 1.6072000570606635 

price within revenue function= 0.5 
 bid= 5 

I= 31.483905487656344 

gain within function 6.2967810975312695 

I= 31.483905487656344 

gain within function 6.2967810975312695 

sigma within revenue func 1.6072000570606635 

price within revenue function= 1.0 
 bid= 5 

I= 29.99506697537786 

gain within function 6.2967810975312695 

I= 30.290462284616282 

gain within function 6.2967810975312695 

sigma within revenue func 1.6072000570606635 

price within revenue function= 1.5 
 bid= 5 

I= 26.846676426612227 

gain within function 6.2967810975312695 

I= 27.14207173585065 

gain within function 6.2967810975312695 

sigma within revenue func 1.6072000570606635 

price within revenue function= 2.0 
 bid= 5 

I= 23.698285877846594 

gain within function 6.2967810975312695 

I= 23.993681187085016 

gain within function 6.2967810975312695 

sigma within revenue func 1.6072000570606635 

price within revenue function= 2.5 
 bid= 5 

I= 20.54989532908096 

gain within function 6.2967810975312695 

I= 20.845290638319383 

gain within function 6.2967810975312695 

sigma within revenue func 1.6072000570606635 

price within revenue function= 3.0 
 bid= 5 

I= 17.401504780315324 

gain within function 6.2967810975312695 

I= 17.69690008955375 

gain within function 6.2967810975312695 

sigma within revenue func 1.6072000570606635 

price within revenue function= 3.5 
 bid= 5 

I= 14.25311423154969 

gain within function 6.2967810975312695 

I= 14.548509540788114 

gain within function 6.2967810975312695 

sigma within revenue func 1.6072000570606635 

price within revenue function= 4.0 
 bid= 5 

I= 11.104723682784055 

gain within function 6.2967810975312695 

I= 11.40011899202248 

gain within function 6.2967810975312695 

sigma within revenue func 1.6072000570606635 

price within revenue function= 4.5 
 bid= 5 

I= 7.956333134018421 

gain within function 6.2967810975312695 

I= 8.251728443256845 

gain within function 6.2967810975312695 

sigma within revenue func 1.6072000570606635 

price within revenue function= 5.0 
 bid= 5 

I= 4.807942585252786 

gain within function 6.2967810975312695 

I= 5.10333789449121 

gain within function 6.2967810975312695 

sigma within revenue func 1.6072000570606635 

price within revenue function= 5.5 
 bid= 5 

I= 1.6595520364871514 

gain within function 3.319104072974303 

I= 1.9549473457255755 

gain within function 3.909894691451151 

sigma within revenue func 1.6072000570606635 

price within revenue function= 6.0 
 bid= 5 

I= 0.0 

gain within function 0 

I= 0.0 

gain within function 0 

sigma within revenue func 1.6072000570606635 

price within revenue function= 6.5 
 bid= 5 

I= 0.0 

gain within function 0 

I= 0.0 

gain within function 0 

sigma within revenue func 1.6072000570606635 

price within revenue function= 7.0 
 bid= 5 

I= 0.0 

gain within function 0 

I= 0.0 

gain within function 0 

sigma within revenue func 1.6072000570606635 

price within revenue function= 7.5 
 bid= 5 

I= 0.0 

gain within function 0 

I= 0.0 

gain within function 0 

sigma within revenue func 1.6072000570606635 

price within revenue function= 8.0 
 bid= 5 

I= 0.0 

gain within function 0 

I= 0.0 

gain within function 0 

sigma within revenue func 1.6072000570606635 

price within revenue function= 8.5 
 bid= 5 

I= 0.0 

gain within function 0 

I= 0.0 

gain within function 0 

sigma within revenue func 1.6072000570606635 

price within revenue function= 9.0 
 bid= 5 

I= 0.0 

gain within function 0 

I= 0.0 

gain within function 0 

sigma within revenue func 1.6072000570606635 

price within revenue function= 9.5 
 bid= 5 

I= 0.0 

gain within function 0 

I= 0.0 

gain within function 0 

sigma within revenue func 1.6072000570606635 

price within revenue function= 10.0 
 bid= 5 

I= 0.0 

gain within function 0 

I= 0.0 

gain within function 0 

weights after [0.125      0.24265894 0.49240612 0.7421533  0.99190048 1.24164766
 1.49139484 1.74114202 1.9908892  2.24063638 1.31379416 0.125
 0.125      0.125      0.125      0.125      0.125      0.125
 0.125      0.125     ] 

probs [0.00909844 0.01766254 0.03584101 0.05401948 0.07219795 0.09037643
 0.1085549  0.12673337 0.14491184 0.16309032 0.09562779 0.00909844
 0.00909844 0.00909844 0.00909844 0.00909844 0.00909844 0.00909844
 0.00909844 0.00909844] w [0.125      0.24265894 0.49240612 0.7421533  0.99190048 1.24164766
 1.49139484 1.74114202 1.9908892  2.24063638 1.31379416 0.125
 0.125      0.125      0.125      0.125      0.125      0.125
 0.125      0.125     ]
g 6.2967810975312695
I= 31.54142547591234 

gain within function 6.2967810975312695 

6 - Market computes the revenue 0
>>>
 >>> Day: 1 
>>>
###################
  O1 
###################
1 - Market set price: 4.5
2 - Buyer 1 arrives in day 1
3 - Buyer 1  bids 5
sigma= 0.0 

noise= [0. 0. 0. 0. 0. 0. 0. 0. 0. 0. 0. 0. 0. 0. 0. 0. 0. 0. 0. 0. 0. 0. 0. 0.
 0. 0. 0. 0. 0. 0. 0. 0. 0. 0. 0. 0. 0. 0. 0. 0. 0. 0. 0. 0. 0. 0. 0. 0.
 0. 0. 0. 0. 0. 0. 0. 0. 0. 0. 0. 0. 0. 0. 0. 0. 0. 0. 0. 0. 0. 0. 0. 0.
 0. 0. 0. 0. 0. 0. 0. 0. 0. 0. 0. 0. 0. 0. 0. 0. 0. 0. 0. 0. 0. 0. 0. 0.
 0. 0. 0. 0. 0. 0. 0. 0. 0. 0. 0. 0. 0. 0. 0. 0. 0. 0. 0. 0. 0. 0. 0. 0.
 0. 0. 0. 0. 0. 0. 0. 0. 0. 0. 0. 0. 0. 0. 0. 0. 0. 0. 0. 0. 0. 0. 0. 0.
 0. 0. 0. 0. 0. 0. 0. 0. 0. 0. 0. 0. 0. 0. 0. 0. 0. 0. 0. 0. 0. 0. 0. 0.
 0. 0. 0. 0. 0. 0. 0. 0. 0. 0. 0. 0. 0. 0. 0. 0. 0. 0. 0. 0. 0. 0. 0. 0.
 0. 0. 0. 0. 0. 0. 0. 0. 0. 0. 0. 0. 0. 0. 0. 0. 0. 0. 0. 0. 0. 0. 0. 0.
 0. 0. 0. 0. 0. 0. 0. 0. 0. 0. 0. 0. 0. 0. 0. 0. 0. 0. 0. 0. 0. 0. 0. 0.
 0. 0. 0. 0. 0. 0. 0. 0. 0. 0. 0. 0. 0. 0. 0. 0. 0. 0. 0. 0. 0. 0. 0. 0.
 0. 0. 0. 0. 0. 0. 0. 0. 0. 0. 0. 0. 0. 0. 0. 0. 0. 0. 0. 0. 0. 0. 0. 0.
 0. 0. 0. 0. 0. 0. 0. 0. 0. 0. 0. 0. 0. 0. 0. 0. 0. 0. 0. 0. 0. 0. 0. 0.
 0. 0. 0. 0. 0. 0. 0. 0. 0. 0. 0. 0. 0. 0. 0. 0. 0. 0. 0. 0. 0. 0. 0. 0.
 0. 0. 0. 0. 0. 0. 0. 0. 0. 0. 0. 0. 0. 0. 0. 0. 0. 0. 0. 0. 0. 0. 0. 0.
 0. 0. 0. 0. 0. 0. 0. 0. 0. 0. 0. 0. 0. 0. 0. 0. 0. 0. 0. 0. 0. 0. 0. 0.
 0. 0. 0. 0. 0. 0. 0. 0. 0. 0. 0. 0. 0. 0. 0. 0. 0. 0. 0. 0. 0. 0. 0. 0.
 0. 0. 0. 0. 0. 0. 0. 0. 0. 0. 0. 0. 0. 0. 0. 0. 0. 0. 0. 0. 0. 0. 0. 0.
 0. 0. 0. 0. 0. 0. 0. 0. 0. 0. 0. 0. 0. 0. 0. 0. 0. 0. 0. 0. 0. 0. 0. 0.
 0. 0. 0. 0. 0. 0. 0. 0. 0. 0. 0. 0. 0. 0. 0. 0. 0. 0. 0. 0. 0. 0. 0. 0.
 0. 0. 0. 0. 0. 0. 0. 0. 0. 0. 0. 0. 0. 0. 0. 0. 0. 0. 0. 0. 0. 0. 0. 0.
 0. 0. 0. 0. 0. 0. 0. 0. 0. 0. 0. 0. 0. 0. 0. 0. 0. 0. 0. 0. 0. 0. 0. 0.
 0. 0. 0. 0. 0. 0. 0. 0. 0. 0. 0. 0. 0. 0. 0. 0. 0. 0. 0. 0. 0. 0. 0. 0.
 0. 0. 0. 0. 0. 0. 0. 0. 0. 0. 0. 0. 0. 0. 0. 0. 0. 0. 0. 0. 0. 0. 0. 0.
 0. 0. 0. 0. 0. 0. 0. 0. 0. 0. 0. 0. 0. 0. 0. 0. 0. 0. 0. 0. 0. 0. 0. 0.
 0. 0. 0. 0. 0. 0. 0. 0. 0. 0. 0. 0. 0. 0. 0. 0. 0. 0. 0. 0. 0. 0. 0. 0.
 0. 0. 0. 0. 0. 0. 0. 0. 0. 0. 0. 0. 0. 0. 0. 0. 0. 0. 0. 0. 0. 0. 0. 0.
 0. 0. 0. 0. 0. 0. 0. 0. 0. 0. 0. 0. 0. 0. 0. 0. 0. 0. 0. 0. 0. 0. 0. 0.
 0. 0. 0. 0. 0. 0. 0. 0. 0. 0. 0. 0. 0. 0. 0. 0. 0. 0. 0. 0. 0. 0. 0. 0.
 0. 0. 0. 0. 0. 0. 0. 0. 0. 0. 0. 0. 0. 0. 0. 0. 0. 0. 0. 0. 0. 0. 0. 0.
 0. 0. 0. 0. 0. 0. 0. 0. 0. 0. 0. 0. 0. 0. 0. 0. 0. 0. 0. 0. 0. 0. 0. 0.] 

4 - Market allocates Predictions to Buyer 1  adding noise Normal(0,(sigma x 0 ))^2
weights before [0.125      0.24265894 0.49240612 0.7421533  0.99190048 1.24164766
 1.49139484 1.74114202 1.9908892  2.24063638 1.31379416 0.125
 0.125      0.125      0.125      0.125      0.125      0.125
 0.125      0.125     ] 

sigma within revenue func 1.9805503929179622 

price within revenue function= 0.5 
 bid= 5 

I= 37.39348800445989 

gain within function 7.478697600891977 

I= 37.39348800445989 

gain within function 7.478697600891977 

sigma within revenue func 1.9805503929179622 

price within revenue function= 1.0 
 bid= 5 

I= 35.5607374676231 

gain within function 7.478697600891977 

I= 35.741627039657025 

gain within function 7.478697600891977 

sigma within revenue func 1.9805503929179622 

price within revenue function= 1.5 
 bid= 5 

I= 31.821388667177107 

gain within function 7.478697600891977 

I= 32.00227823921104 

gain within function 7.478697600891977 

sigma within revenue func 1.9805503929179622 

price within revenue function= 2.0 
 bid= 5 

I= 28.08203986673112 

gain within function 7.478697600891977 

I= 28.26292943876505 

gain within function 7.478697600891977 

sigma within revenue func 1.9805503929179622 

price within revenue function= 2.5 
 bid= 5 

I= 24.34269106628513 

gain within function 7.478697600891977 

I= 24.52358063831906 

gain within function 7.478697600891977 

sigma within revenue func 1.9805503929179622 

price within revenue function= 3.0 
 bid= 5 

I= 20.603342265839142 

gain within function 7.478697600891977 

I= 20.784231837873072 

gain within function 7.478697600891977 

sigma within revenue func 1.9805503929179622 

price within revenue function= 3.5 
 bid= 5 

I= 16.863993465393154 

gain within function 7.478697600891977 

I= 17.044883037427084 

gain within function 7.478697600891977 

sigma within revenue func 1.9805503929179622 

price within revenue function= 4.0 
 bid= 5 

I= 13.124644664947164 

gain within function 7.478697600891977 

I= 13.305534236981096 

gain within function 7.478697600891977 

sigma within revenue func 1.9805503929179622 

price within revenue function= 4.5 
 bid= 5 

I= 9.385295864501176 

gain within function 7.478697600891977 

I= 9.566185436535108 

gain within function 7.478697600891977 

sigma within revenue func 1.9805503929179622 

price within revenue function= 5.0 
 bid= 5 

I= 5.645947064055187 

gain within function 7.478697600891977 

I= 5.826836636089119 

gain within function 7.478697600891977 

sigma within revenue func 1.9805503929179622 

price within revenue function= 5.5 
 bid= 5 

I= 1.906598263609199 

gain within function 3.813196527218398 

I= 2.087487835643131 

gain within function 4.174975671286262 

sigma within revenue func 1.9805503929179622 

price within revenue function= 6.0 
 bid= 5 

I= 0.0 

gain within function 0 

I= 0.0 

gain within function 0 

sigma within revenue func 1.9805503929179622 

price within revenue function= 6.5 
 bid= 5 

I= 0.0 

gain within function 0 

I= 0.0 

gain within function 0 

sigma within revenue func 1.9805503929179622 

price within revenue function= 7.0 
 bid= 5 

I= 0.0 

gain within function 0 

I= 0.0 

gain within function 0 

sigma within revenue func 1.9805503929179622 

price within revenue function= 7.5 
 bid= 5 

I= 0.0 

gain within function 0 

I= 0.0 

gain within function 0 

sigma within revenue func 1.9805503929179622 

price within revenue function= 8.0 
 bid= 5 

I= 0.0 

gain within function 0 

I= 0.0 

gain within function 0 

sigma within revenue func 1.9805503929179622 

price within revenue function= 8.5 
 bid= 5 

I= 0.0 

gain within function 0 

I= 0.0 

gain within function 0 

sigma within revenue func 1.9805503929179622 

price within revenue function= 9.0 
 bid= 5 

I= 0.0 

gain within function 0 

I= 0.0 

gain within function 0 

sigma within revenue func 1.9805503929179622 

price within revenue function= 9.5 
 bid= 5 

I= 0.0 

gain within function 0 

I= 0.0 

gain within function 0 

sigma within revenue func 1.9805503929179622 

price within revenue function= 10.0 
 bid= 5 

I= 0.0 

gain within function 0 

I= 0.0 

gain within function 0 

weights after [0.0625     0.20844476 0.52028579 0.83212682 1.14396785 1.45580888
 1.76764991 2.07949094 2.39133197 2.703173   1.55556645 0.0625
 0.0625     0.0625     0.0625     0.0625     0.0625     0.0625
 0.0625     0.0625    ] 

probs [0.00408955 0.01363913 0.03404378 0.05444842 0.07485306 0.09525771
 0.11566235 0.13606699 0.15647164 0.17687628 0.10178513 0.00408955
 0.00408955 0.00408955 0.00408955 0.00408955 0.00408955 0.00408955
 0.00408955 0.00408955] w [0.0625     0.20844476 0.52028579 0.83212682 1.14396785 1.45580888
 1.76764991 2.07949094 2.39133197 2.703173   1.55556645 0.0625
 0.0625     0.0625     0.0625     0.0625     0.0625     0.0625
 0.0625     0.0625    ]
g 7.478697600891977
I= 77.67140471791592 

gain within function 7.478697600891977 

6 - Market computes the revenue 0
###################
  O2 
###################
1 - Market set price: 4.5
2 - Buyer 2 arrives in day 1
3 - Buyer 2  bids 5
sigma= 0.0 

noise= [0. 0. 0. 0. 0. 0. 0. 0. 0. 0. 0. 0. 0. 0. 0. 0. 0. 0. 0. 0. 0. 0. 0. 0.
 0. 0. 0. 0. 0. 0. 0. 0. 0. 0. 0. 0. 0. 0. 0. 0. 0. 0. 0. 0. 0. 0. 0. 0.
 0. 0. 0. 0. 0. 0. 0. 0. 0. 0. 0. 0. 0. 0. 0. 0. 0. 0. 0. 0. 0. 0. 0. 0.
 0. 0. 0. 0. 0. 0. 0. 0. 0. 0. 0. 0. 0. 0. 0. 0. 0. 0. 0. 0. 0. 0. 0. 0.
 0. 0. 0. 0. 0. 0. 0. 0. 0. 0. 0. 0. 0. 0. 0. 0. 0. 0. 0. 0. 0. 0. 0. 0.
 0. 0. 0. 0. 0. 0. 0. 0. 0. 0. 0. 0. 0. 0. 0. 0. 0. 0. 0. 0. 0. 0. 0. 0.
 0. 0. 0. 0. 0. 0. 0. 0. 0. 0. 0. 0. 0. 0. 0. 0. 0. 0. 0. 0. 0. 0. 0. 0.
 0. 0. 0. 0. 0. 0. 0. 0. 0. 0. 0. 0. 0. 0. 0. 0. 0. 0. 0. 0. 0. 0. 0. 0.
 0. 0. 0. 0. 0. 0. 0. 0. 0. 0. 0. 0. 0. 0. 0. 0. 0. 0. 0. 0. 0. 0. 0. 0.
 0. 0. 0. 0. 0. 0. 0. 0. 0. 0. 0. 0. 0. 0. 0. 0. 0. 0. 0. 0. 0. 0. 0. 0.
 0. 0. 0. 0. 0. 0. 0. 0. 0. 0. 0. 0. 0. 0. 0. 0. 0. 0. 0. 0. 0. 0. 0. 0.
 0. 0. 0. 0. 0. 0. 0. 0. 0. 0. 0. 0. 0. 0. 0. 0. 0. 0. 0. 0. 0. 0. 0. 0.
 0. 0. 0. 0. 0. 0. 0. 0. 0. 0. 0. 0. 0. 0. 0. 0. 0. 0. 0. 0. 0. 0. 0. 0.
 0. 0. 0. 0. 0. 0. 0. 0. 0. 0. 0. 0. 0. 0. 0. 0. 0. 0. 0. 0. 0. 0. 0. 0.
 0. 0. 0. 0. 0. 0. 0. 0. 0. 0. 0. 0. 0. 0. 0. 0. 0. 0. 0. 0. 0. 0. 0. 0.
 0. 0. 0. 0. 0. 0. 0. 0. 0. 0. 0. 0. 0. 0. 0. 0. 0. 0. 0. 0. 0. 0. 0. 0.
 0. 0. 0. 0. 0. 0. 0. 0. 0. 0. 0. 0. 0. 0. 0. 0. 0. 0. 0. 0. 0. 0. 0. 0.
 0. 0. 0. 0. 0. 0. 0. 0. 0. 0. 0. 0. 0. 0. 0. 0. 0. 0. 0. 0. 0. 0. 0. 0.
 0. 0. 0. 0. 0. 0. 0. 0. 0. 0. 0. 0. 0. 0. 0. 0. 0. 0. 0. 0. 0. 0. 0. 0.
 0. 0. 0. 0. 0. 0. 0. 0. 0. 0. 0. 0. 0. 0. 0. 0. 0. 0. 0. 0. 0. 0. 0. 0.
 0. 0. 0. 0. 0. 0. 0. 0. 0. 0. 0. 0. 0. 0. 0. 0. 0. 0. 0. 0. 0. 0. 0. 0.
 0. 0. 0. 0. 0. 0. 0. 0. 0. 0. 0. 0. 0. 0. 0. 0. 0. 0. 0. 0. 0. 0. 0. 0.
 0. 0. 0. 0. 0. 0. 0. 0. 0. 0. 0. 0. 0. 0. 0. 0. 0. 0. 0. 0. 0. 0. 0. 0.
 0. 0. 0. 0. 0. 0. 0. 0. 0. 0. 0. 0. 0. 0. 0. 0. 0. 0. 0. 0. 0. 0. 0. 0.
 0. 0. 0. 0. 0. 0. 0. 0. 0. 0. 0. 0. 0. 0. 0. 0. 0. 0. 0. 0. 0. 0. 0. 0.
 0. 0. 0. 0. 0. 0. 0. 0. 0. 0. 0. 0. 0. 0. 0. 0. 0. 0. 0. 0. 0. 0. 0. 0.
 0. 0. 0. 0. 0. 0. 0. 0. 0. 0. 0. 0. 0. 0. 0. 0. 0. 0. 0. 0. 0. 0. 0. 0.
 0. 0. 0. 0. 0. 0. 0. 0. 0. 0. 0. 0. 0. 0. 0. 0. 0. 0. 0. 0. 0. 0. 0. 0.
 0. 0. 0. 0. 0. 0. 0. 0. 0. 0. 0. 0. 0. 0. 0. 0. 0. 0. 0. 0. 0. 0. 0. 0.
 0. 0. 0. 0. 0. 0. 0. 0. 0. 0. 0. 0. 0. 0. 0. 0. 0. 0. 0. 0. 0. 0. 0. 0.
 0. 0. 0. 0. 0. 0. 0. 0. 0. 0. 0. 0. 0. 0. 0. 0. 0. 0. 0. 0. 0. 0. 0. 0.] 

4 - Market allocates Predictions to Buyer 2  adding noise Normal(0,(sigma x 0 ))^2
weights before [0.0625     0.20844476 0.52028579 0.83212682 1.14396785 1.45580888
 1.76764991 2.07949094 2.39133197 2.703173   1.55556645 0.0625
 0.0625     0.0625     0.0625     0.0625     0.0625     0.0625
 0.0625     0.0625    ] 

sigma within revenue func 1.4411939492295942 

price within revenue function= 0.5 
 bid= 5 

I= 18.234316920733445 

gain within function 3.646863384146689 

I= 18.234316920733445 

gain within function 3.646863384146689 

sigma within revenue func 1.4411939492295942 

price within revenue function= 1.0 
 bid= 5 

I= 17.072965805647048 

gain within function 3.646863384146689 

I= 17.089822048857968 

gain within function 3.646863384146689 

sigma within revenue func 1.4411939492295942 

price within revenue function= 1.5 
 bid= 5 

I= 15.249534113573702 

gain within function 3.646863384146689 

I= 15.266390356784623 

gain within function 3.646863384146689 

sigma within revenue func 1.4411939492295942 

price within revenue function= 2.0 
 bid= 5 

I= 13.426102421500358 

gain within function 3.646863384146689 

I= 13.442958664711279 

gain within function 3.646863384146689 

sigma within revenue func 1.4411939492295942 

price within revenue function= 2.5 
 bid= 5 

I= 11.602670729427015 

gain within function 3.646863384146689 

I= 11.619526972637935 

gain within function 3.646863384146689 

sigma within revenue func 1.4411939492295942 

price within revenue function= 3.0 
 bid= 5 

I= 9.77923903735367 

gain within function 3.646863384146689 

I= 9.796095280564591 

gain within function 3.646863384146689 

sigma within revenue func 1.4411939492295942 

price within revenue function= 3.5 
 bid= 5 

I= 7.955807345280326 

gain within function 3.646863384146689 

I= 7.972663588491248 

gain within function 3.646863384146689 

sigma within revenue func 1.4411939492295942 

price within revenue function= 4.0 
 bid= 5 

I= 6.1323756532069815 

gain within function 3.646863384146689 

I= 6.149231896417903 

gain within function 3.646863384146689 

sigma within revenue func 1.4411939492295942 

price within revenue function= 4.5 
 bid= 5 

I= 4.308943961133637 

gain within function 3.646863384146689 

I= 4.325800204344558 

gain within function 3.646863384146689 

sigma within revenue func 1.4411939492295942 

price within revenue function= 5.0 
 bid= 5 

I= 2.485512269060292 

gain within function 3.646863384146689 

I= 2.502368512271214 

gain within function 3.646863384146689 

sigma within revenue func 1.4411939492295942 

price within revenue function= 5.5 
 bid= 5 

I= 0.6620805769869477 

gain within function 1.3241611539738953 

I= 0.6789368201978696 

gain within function 1.3578736403957392 

sigma within revenue func 1.4411939492295942 

price within revenue function= 6.0 
 bid= 5 

I= 0.0 

gain within function 0 

I= 0.0 

gain within function 0 

sigma within revenue func 1.4411939492295942 

price within revenue function= 6.5 
 bid= 5 

I= 0.0 

gain within function 0 

I= 0.0 

gain within function 0 

sigma within revenue func 1.4411939492295942 

price within revenue function= 7.0 
 bid= 5 

I= 0.0 

gain within function 0 

I= 0.0 

gain within function 0 

sigma within revenue func 1.4411939492295942 

price within revenue function= 7.5 
 bid= 5 

I= 0.0 

gain within function 0 

I= 0.0 

gain within function 0 

sigma within revenue func 1.4411939492295942 

price within revenue function= 8.0 
 bid= 5 

I= 0.0 

gain within function 0 

I= 0.0 

gain within function 0 

sigma within revenue func 1.4411939492295942 

price within revenue function= 8.5 
 bid= 5 

I= 0.0 

gain within function 0 

I= 0.0 

gain within function 0 

sigma within revenue func 1.4411939492295942 

price within revenue function= 9.0 
 bid= 5 

I= 0.0 

gain within function 0 

I= 0.0 

gain within function 0 

sigma within revenue func 1.4411939492295942 

price within revenue function= 9.5 
 bid= 5 

I= 0.0 

gain within function 0 

I= 0.0 

gain within function 0 

sigma within revenue func 1.4411939492295942 

price within revenue function= 10.0 
 bid= 5 

I= 0.0 

gain within function 0 

I= 0.0 

gain within function 0 

weights after [0.03125    0.16186853 0.40896063 0.65605273 0.90314483 1.15023693
 1.39732903 1.64442113 1.89151323 2.13860532 1.07951214 0.03125
 0.03125    0.03125    0.03125    0.03125    0.03125    0.03125
 0.03125    0.03125   ] 

probs [0.0026609  0.01378291 0.03482251 0.05586211 0.07690171 0.09794131
 0.11898091 0.14002051 0.16106011 0.18209971 0.09191918 0.0026609
 0.0026609  0.0026609  0.0026609  0.0026609  0.0026609  0.0026609
 0.0026609  0.0026609 ] w [0.03125    0.16186853 0.40896063 0.65605273 0.90314483 1.15023693
 1.39732903 1.64442113 1.89151323 2.13860532 1.07951214 0.03125
 0.03125    0.03125    0.03125    0.03125    0.03125    0.03125
 0.03125    0.03125   ]
g 3.646863384146689
I= 70.20813927501534 

gain within function 3.646863384146689 

6 - Market computes the revenue 0
###################
  O3 
###################
1 - Market set price: 4.0
2 - Buyer 3 arrives in day 1
3 - Buyer 3  bids 5
sigma= 0.0 

noise= [0. 0. 0. 0. 0. 0. 0. 0. 0. 0. 0. 0. 0. 0. 0. 0. 0. 0. 0. 0. 0. 0. 0. 0.
 0. 0. 0. 0. 0. 0. 0. 0. 0. 0. 0. 0. 0. 0. 0. 0. 0. 0. 0. 0. 0. 0. 0. 0.
 0. 0. 0. 0. 0. 0. 0. 0. 0. 0. 0. 0. 0. 0. 0. 0. 0. 0. 0. 0. 0. 0. 0. 0.
 0. 0. 0. 0. 0. 0. 0. 0. 0. 0. 0. 0. 0. 0. 0. 0. 0. 0. 0. 0. 0. 0. 0. 0.
 0. 0. 0. 0. 0. 0. 0. 0. 0. 0. 0. 0. 0. 0. 0. 0. 0. 0. 0. 0. 0. 0. 0. 0.
 0. 0. 0. 0. 0. 0. 0. 0. 0. 0. 0. 0. 0. 0. 0. 0. 0. 0. 0. 0. 0. 0. 0. 0.
 0. 0. 0. 0. 0. 0. 0. 0. 0. 0. 0. 0. 0. 0. 0. 0. 0. 0. 0. 0. 0. 0. 0. 0.
 0. 0. 0. 0. 0. 0. 0. 0. 0. 0. 0. 0. 0. 0. 0. 0. 0. 0. 0. 0. 0. 0. 0. 0.
 0. 0. 0. 0. 0. 0. 0. 0. 0. 0. 0. 0. 0. 0. 0. 0. 0. 0. 0. 0. 0. 0. 0. 0.
 0. 0. 0. 0. 0. 0. 0. 0. 0. 0. 0. 0. 0. 0. 0. 0. 0. 0. 0. 0. 0. 0. 0. 0.
 0. 0. 0. 0. 0. 0. 0. 0. 0. 0. 0. 0. 0. 0. 0. 0. 0. 0. 0. 0. 0. 0. 0. 0.
 0. 0. 0. 0. 0. 0. 0. 0. 0. 0. 0. 0. 0. 0. 0. 0. 0. 0. 0. 0. 0. 0. 0. 0.
 0. 0. 0. 0. 0. 0. 0. 0. 0. 0. 0. 0. 0. 0. 0. 0. 0. 0. 0. 0. 0. 0. 0. 0.
 0. 0. 0. 0. 0. 0. 0. 0. 0. 0. 0. 0. 0. 0. 0. 0. 0. 0. 0. 0. 0. 0. 0. 0.
 0. 0. 0. 0. 0. 0. 0. 0. 0. 0. 0. 0. 0. 0. 0. 0. 0. 0. 0. 0. 0. 0. 0. 0.
 0. 0. 0. 0. 0. 0. 0. 0. 0. 0. 0. 0. 0. 0. 0. 0. 0. 0. 0. 0. 0. 0. 0. 0.
 0. 0. 0. 0. 0. 0. 0. 0. 0. 0. 0. 0. 0. 0. 0. 0. 0. 0. 0. 0. 0. 0. 0. 0.
 0. 0. 0. 0. 0. 0. 0. 0. 0. 0. 0. 0. 0. 0. 0. 0. 0. 0. 0. 0. 0. 0. 0. 0.
 0. 0. 0. 0. 0. 0. 0. 0. 0. 0. 0. 0. 0. 0. 0. 0. 0. 0. 0. 0. 0. 0. 0. 0.
 0. 0. 0. 0. 0. 0. 0. 0. 0. 0. 0. 0. 0. 0. 0. 0. 0. 0. 0. 0. 0. 0. 0. 0.
 0. 0. 0. 0. 0. 0. 0. 0. 0. 0. 0. 0. 0. 0. 0. 0. 0. 0. 0. 0. 0. 0. 0. 0.
 0. 0. 0. 0. 0. 0. 0. 0. 0. 0. 0. 0. 0. 0. 0. 0. 0. 0. 0. 0. 0. 0. 0. 0.
 0. 0. 0. 0. 0. 0. 0. 0. 0. 0. 0. 0. 0. 0. 0. 0. 0. 0. 0. 0. 0. 0. 0. 0.
 0. 0. 0. 0. 0. 0. 0. 0. 0. 0. 0. 0. 0. 0. 0. 0. 0. 0. 0. 0. 0. 0. 0. 0.
 0. 0. 0. 0. 0. 0. 0. 0. 0. 0. 0. 0. 0. 0. 0. 0. 0. 0. 0. 0. 0. 0. 0. 0.
 0. 0. 0. 0. 0. 0. 0. 0. 0. 0. 0. 0. 0. 0. 0. 0. 0. 0. 0. 0. 0. 0. 0. 0.
 0. 0. 0. 0. 0. 0. 0. 0. 0. 0. 0. 0. 0. 0. 0. 0. 0. 0. 0. 0. 0. 0. 0. 0.
 0. 0. 0. 0. 0. 0. 0. 0. 0. 0. 0. 0. 0. 0. 0. 0. 0. 0. 0. 0. 0. 0. 0. 0.
 0. 0. 0. 0. 0. 0. 0. 0. 0. 0. 0. 0. 0. 0. 0. 0. 0. 0. 0. 0. 0. 0. 0. 0.
 0. 0. 0. 0. 0. 0. 0. 0. 0. 0. 0. 0. 0. 0. 0. 0. 0. 0. 0. 0. 0. 0. 0. 0.
 0. 0. 0. 0. 0. 0. 0. 0. 0. 0. 0. 0. 0. 0. 0. 0. 0. 0. 0. 0. 0. 0. 0. 0.] 

4 - Market allocates Predictions to Buyer 3  adding noise Normal(0,(sigma x 0 ))^2
weights before [0.03125    0.16186853 0.40896063 0.65605273 0.90314483 1.15023693
 1.39732903 1.64442113 1.89151323 2.13860532 1.07951214 0.03125
 0.03125    0.03125    0.03125    0.03125    0.03125    0.03125
 0.03125    0.03125   ] 

sigma within revenue func 1.6072000570606635 

price within revenue function= 0.5 
 bid= 5 

I= 31.483905487656344 

gain within function 6.2967810975312695 

I= 31.483905487656344 

gain within function 6.2967810975312695 

sigma within revenue func 1.6072000570606635 

price within revenue function= 1.0 
 bid= 5 

I= 29.99506697537786 

gain within function 6.2967810975312695 

I= 30.290462284616282 

gain within function 6.2967810975312695 

sigma within revenue func 1.6072000570606635 

price within revenue function= 1.5 
 bid= 5 

I= 26.846676426612227 

gain within function 6.2967810975312695 

I= 27.14207173585065 

gain within function 6.2967810975312695 

sigma within revenue func 1.6072000570606635 

price within revenue function= 2.0 
 bid= 5 

I= 23.698285877846594 

gain within function 6.2967810975312695 

I= 23.993681187085016 

gain within function 6.2967810975312695 

sigma within revenue func 1.6072000570606635 

price within revenue function= 2.5 
 bid= 5 

I= 20.54989532908096 

gain within function 6.2967810975312695 

I= 20.845290638319383 

gain within function 6.2967810975312695 

sigma within revenue func 1.6072000570606635 

price within revenue function= 3.0 
 bid= 5 

I= 17.401504780315324 

gain within function 6.2967810975312695 

I= 17.69690008955375 

gain within function 6.2967810975312695 

sigma within revenue func 1.6072000570606635 

price within revenue function= 3.5 
 bid= 5 

I= 14.25311423154969 

gain within function 6.2967810975312695 

I= 14.548509540788114 

gain within function 6.2967810975312695 

sigma within revenue func 1.6072000570606635 

price within revenue function= 4.0 
 bid= 5 

I= 11.104723682784055 

gain within function 6.2967810975312695 

I= 11.40011899202248 

gain within function 6.2967810975312695 

sigma within revenue func 1.6072000570606635 

price within revenue function= 4.5 
 bid= 5 

I= 7.956333134018421 

gain within function 6.2967810975312695 

I= 8.251728443256845 

gain within function 6.2967810975312695 

sigma within revenue func 1.6072000570606635 

price within revenue function= 5.0 
 bid= 5 

I= 4.807942585252786 

gain within function 6.2967810975312695 

I= 5.10333789449121 

gain within function 6.2967810975312695 

sigma within revenue func 1.6072000570606635 

price within revenue function= 5.5 
 bid= 5 

I= 1.6595520364871514 

gain within function 3.319104072974303 

I= 1.9549473457255755 

gain within function 3.909894691451151 

sigma within revenue func 1.6072000570606635 

price within revenue function= 6.0 
 bid= 5 

I= 0.0 

gain within function 0 

I= 0.0 

gain within function 0 

sigma within revenue func 1.6072000570606635 

price within revenue function= 6.5 
 bid= 5 

I= 0.0 

gain within function 0 

I= 0.0 

gain within function 0 

sigma within revenue func 1.6072000570606635 

price within revenue function= 7.0 
 bid= 5 

I= 0.0 

gain within function 0 

I= 0.0 

gain within function 0 

sigma within revenue func 1.6072000570606635 

price within revenue function= 7.5 
 bid= 5 

I= 0.0 

gain within function 0 

I= 0.0 

gain within function 0 

sigma within revenue func 1.6072000570606635 

price within revenue function= 8.0 
 bid= 5 

I= 0.0 

gain within function 0 

I= 0.0 

gain within function 0 

sigma within revenue func 1.6072000570606635 

price within revenue function= 8.5 
 bid= 5 

I= 0.0 

gain within function 0 

I= 0.0 

gain within function 0 

sigma within revenue func 1.6072000570606635 

price within revenue function= 9.0 
 bid= 5 

I= 0.0 

gain within function 0 

I= 0.0 

gain within function 0 

sigma within revenue func 1.6072000570606635 

price within revenue function= 9.5 
 bid= 5 

I= 0.0 

gain within function 0 

I= 0.0 

gain within function 0 

sigma within revenue func 1.6072000570606635 

price within revenue function= 10.0 
 bid= 5 

I= 0.0 

gain within function 0 

I= 0.0 

gain within function 0 

weights after [0.015625   0.14799131 0.42895688 0.70992246 0.99088804 1.27185362
 1.55281919 1.83378477 2.11475035 2.39571592 1.35301843 0.015625
 0.015625   0.015625   0.015625   0.015625   0.015625   0.015625
 0.015625   0.015625  ] 

probs [0.00120601 0.01142265 0.03310887 0.05479509 0.07648131 0.09816752
 0.11985374 0.14153996 0.16322618 0.1849124  0.1044322  0.00120601
 0.00120601 0.00120601 0.00120601 0.00120601 0.00120601 0.00120601
 0.00120601 0.00120601] w [0.015625   0.14799131 0.42895688 0.70992246 0.99088804 1.27185362
 1.55281919 1.83378477 2.11475035 2.39571592 1.35301843 0.015625
 0.015625   0.015625   0.015625   0.015625   0.015625   0.015625
 0.015625   0.015625  ]
g 6.2967810975312695
I= 90.48818354480086 

gain within function 6.2967810975312695 

6 - Market computes the revenue 0
